>TATTATCC	1-TATTATCC	7.256887	-26.515260	0	T:535.0(4.72%),B:1345.1(3.47%),P:1e-11	Tpos:97.7,Tstd:54.8,Bpos:98.9,Bstd:56.9,StrandBias:0.1,Multiplicity:1.08
0.118	0.057	0.035	0.790
0.929	0.037	0.033	0.001
0.088	0.069	0.001	0.842
0.001	0.001	0.001	0.997
0.786	0.131	0.048	0.035
0.001	0.081	0.055	0.863
0.062	0.858	0.001	0.079
0.001	0.988	0.010	0.001
>CGGCTCGG	2-CGGCTCGG	7.733480	-24.680672	0	T:201.0(1.77%),B:415.7(1.07%),P:1e-10	Tpos:101.1,Tstd:54.8,Bpos:101.4,Bstd:53.2,StrandBias:0.1,Multiplicity:1.04
0.022	0.976	0.001	0.001
0.034	0.041	0.887	0.038
0.081	0.036	0.856	0.027
0.094	0.904	0.001	0.001
0.015	0.034	0.055	0.896
0.001	0.934	0.064	0.001
0.178	0.001	0.820	0.001
0.001	0.144	0.801	0.054
>MSGCGTGA	3-MSGCGTGA	5.137075	-19.503549	0	T:1734.0(15.31%),B:5193.1(13.41%),P:1e-8	Tpos:99.1,Tstd:54.9,Bpos:99.4,Bstd:55.9,StrandBias:0.2,Multiplicity:1.15
0.322	0.398	0.232	0.047
0.201	0.323	0.447	0.029
0.001	0.150	0.635	0.214
0.064	0.819	0.001	0.116
0.104	0.001	0.894	0.001
0.016	0.001	0.041	0.942
0.195	0.001	0.712	0.092
0.895	0.103	0.001	0.001
>GATGTATT	4-GATGTATT	7.044056	-18.850546	0	T:636.0(5.61%),B:1729.3(4.47%),P:1e-8	Tpos:101.3,Tstd:55.5,Bpos:98.9,Bstd:56.0,StrandBias:0.0,Multiplicity:1.07
0.001	0.127	0.871	0.001
0.859	0.074	0.043	0.024
0.025	0.001	0.040	0.934
0.001	0.051	0.891	0.057
0.054	0.023	0.107	0.816
0.729	0.030	0.001	0.240
0.001	0.052	0.001	0.946
0.001	0.001	0.001	0.997
>TCGCTAGG	5-TCGCTAGG	8.445358	-18.328231	0	T:192.0(1.69%),B:426.2(1.10%),P:1e-7	Tpos:98.9,Tstd:55.7,Bpos:102.8,Bstd:55.0,StrandBias:-0.1,Multiplicity:1.03
0.011	0.001	0.001	0.987
0.001	0.764	0.001	0.234
0.001	0.232	0.766	0.001
0.251	0.546	0.001	0.202
0.001	0.001	0.001	0.997
0.805	0.193	0.001	0.001
0.001	0.001	0.997	0.001
0.001	0.001	0.929	0.069
>TCTCTCTG	6-TCTCTCTG	6.565681	-17.776917	0	T:2882.0(25.44%),B:8995.4(23.23%),P:1e-7	Tpos:101.6,Tstd:55.0,Bpos:101.0,Bstd:57.6,StrandBias:-0.0,Multiplicity:1.20
0.145	0.108	0.003	0.744
0.001	0.847	0.094	0.058
0.284	0.076	0.001	0.639
0.001	0.904	0.049	0.046
0.106	0.111	0.001	0.782
0.001	0.822	0.072	0.105
0.001	0.001	0.001	0.997
0.055	0.001	0.913	0.031
>CGGTCTAY	7-CGGTCTAY	6.360719	-16.596930	0	T:484.0(4.27%),B:1293.7(3.34%),P:1e-7	Tpos:101.2,Tstd:55.1,Bpos:100.6,Bstd:54.3,StrandBias:0.1,Multiplicity:1.03
0.001	0.817	0.117	0.065
0.099	0.001	0.695	0.205
0.006	0.010	0.709	0.275
0.001	0.001	0.369	0.629
0.211	0.787	0.001	0.001
0.034	0.001	0.075	0.890
0.937	0.001	0.061	0.001
0.045	0.371	0.139	0.446
>TTTAATTA	8-TTTAATTA	6.627856	-14.919058	0	T:1519.0(13.41%),B:4595.6(11.87%),P:1e-6	Tpos:99.6,Tstd:55.4,Bpos:100.4,Bstd:56.1,StrandBias:-0.0,Multiplicity:1.15
0.208	0.001	0.001	0.790
0.001	0.001	0.131	0.867
0.001	0.021	0.001	0.977
0.520	0.117	0.362	0.001
0.601	0.068	0.235	0.096
0.001	0.001	0.002	0.996
0.003	0.001	0.223	0.773
0.681	0.148	0.106	0.065
>TCATSTGA	9-TCATSTGA	7.800293	-13.658939	0	T:307.0(2.71%),B:793.3(2.05%),P:1e-5	Tpos:93.8,Tstd:54.8,Bpos:94.7,Bstd:56.1,StrandBias:-0.2,Multiplicity:1.04
0.001	0.001	0.116	0.882
0.001	0.997	0.001	0.001
0.997	0.001	0.001	0.001
0.001	0.001	0.001	0.997
0.001	0.515	0.483	0.001
0.001	0.365	0.001	0.633
0.001	0.001	0.997	0.001
0.997	0.001	0.001	0.001
>CCCCGRGG	10-CCCCGRGG	6.362058	-13.173446	0	T:1985.0(17.52%),B:6160.1(15.91%),P:1e-5	Tpos:99.2,Tstd:55.5,Bpos:101.6,Bstd:55.1,StrandBias:0.0,Multiplicity:1.24
0.001	0.997	0.001	0.001
0.002	0.996	0.001	0.001
0.001	0.803	0.195	0.001
0.001	0.741	0.001	0.257
0.001	0.144	0.776	0.079
0.396	0.001	0.380	0.223
0.001	0.348	0.650	0.001
0.216	0.112	0.671	0.001
>GGTCCTMG	11-GGTCCTMG	7.284817	-13.086602	0	T:436.0(3.85%),B:1189.8(3.07%),P:1e-5	Tpos:101.6,Tstd:55.8,Bpos:101.7,Bstd:55.0,StrandBias:0.1,Multiplicity:1.04
0.001	0.001	0.862	0.136
0.001	0.001	0.891	0.107
0.076	0.239	0.001	0.684
0.075	0.923	0.001	0.001
0.080	0.852	0.001	0.067
0.074	0.100	0.001	0.825
0.525	0.473	0.001	0.001
0.001	0.138	0.860	0.001
>GTGCAATC	12-GTGCAATC	9.029950	-12.901610	0	T:106.0(0.94%),B:224.4(0.58%),P:1e-5	Tpos:106.0,Tstd:50.4,Bpos:101.3,Bstd:58.6,StrandBias:0.0,Multiplicity:1.00
0.001	0.001	0.997	0.001
0.001	0.001	0.001	0.997
0.293	0.001	0.705	0.001
0.001	0.997	0.001	0.001
0.997	0.001	0.001	0.001
0.997	0.001	0.001	0.001
0.001	0.184	0.001	0.814
0.001	0.997	0.001	0.001
>GCAACTCC	13-GCAACTCC	9.172363	-12.640415	0	T:237.0(2.09%),B:597.0(1.54%),P:1e-5	Tpos:102.1,Tstd:56.8,Bpos:98.0,Bstd:55.8,StrandBias:0.0,Multiplicity:1.01
0.001	0.001	0.997	0.001
0.227	0.771	0.001	0.001
0.997	0.001	0.001	0.001
0.997	0.001	0.001	0.001
0.001	0.997	0.001	0.001
0.001	0.001	0.001	0.997
0.001	0.997	0.001	0.001
0.001	0.804	0.001	0.194
>TGTTSCGT	14-TGTTSCGT	7.757263	-12.598108	0	T:169.0(1.49%),B:400.6(1.03%),P:1e-5	Tpos:106.5,Tstd:56.6,Bpos:96.8,Bstd:54.2,StrandBias:0.0,Multiplicity:1.01
0.001	0.001	0.001	0.997
0.001	0.001	0.997	0.001
0.001	0.001	0.001	0.997
0.306	0.001	0.001	0.692
0.001	0.447	0.551	0.001
0.001	0.997	0.001	0.001
0.001	0.001	0.903	0.095
0.001	0.001	0.001	0.997
>GACTTGGT	15-GACTTGGT	8.236954	-12.388992	0	T:88.0(0.78%),B:179.2(0.46%),P:1e-5	Tpos:106.8,Tstd:54.9,Bpos:103.6,Bstd:55.2,StrandBias:0.5,Multiplicity:1.00
0.100	0.100	0.700	0.100
0.700	0.100	0.100	0.100
0.100	0.700	0.100	0.100
0.100	0.100	0.100	0.700
0.100	0.100	0.100	0.700
0.100	0.100	0.700	0.100
0.100	0.100	0.700	0.100
0.100	0.100	0.100	0.700
>TATTCGCC	16-TATTCGCC	8.236954	-12.333932	0	T:15.0(0.13%),B:12.8(0.03%),P:1e-5	Tpos:125.5,Tstd:52.1,Bpos:98.3,Bstd:37.3,StrandBias:0.2,Multiplicity:1.00
0.100	0.100	0.100	0.700
0.700	0.100	0.100	0.100
0.100	0.100	0.100	0.700
0.100	0.100	0.100	0.700
0.100	0.700	0.100	0.100
0.100	0.100	0.700	0.100
0.100	0.700	0.100	0.100
0.100	0.700	0.100	0.100
>ATCTGATT	17-ATCTGATT	9.838321	-12.277776	0	T:165.0(1.46%),B:391.8(1.01%),P:1e-5	Tpos:97.3,Tstd:52.6,Bpos:100.3,Bstd:57.9,StrandBias:0.3,Multiplicity:1.02
0.997	0.001	0.001	0.001
0.001	0.001	0.001	0.997
0.292	0.706	0.001	0.001
0.001	0.001	0.001	0.997
0.001	0.001	0.997	0.001
0.997	0.001	0.001	0.001
0.001	0.001	0.001	0.997
0.001	0.001	0.001	0.997
>GCAACCAA	18-GCAACCAA	8.236954	-11.127981	0	T:68.0(0.60%),B:133.2(0.34%),P:1e-4	Tpos:101.8,Tstd:54.1,Bpos:96.2,Bstd:57.1,StrandBias:0.2,Multiplicity:1.00
0.100	0.100	0.700	0.100
0.100	0.700	0.100	0.100
0.700	0.100	0.100	0.100
0.700	0.100	0.100	0.100
0.100	0.700	0.100	0.100
0.100	0.700	0.100	0.100
0.700	0.100	0.100	0.100
0.700	0.100	0.100	0.100
>ACCGACGA	19-ACCGACGA	8.236954	-10.687509	0	T:9.0(0.08%),B:5.9(0.02%),P:1e-4	Tpos:144.3,Tstd:45.0,Bpos:125.6,Bstd:58.4,StrandBias:1.0,Multiplicity:1.00
0.700	0.100	0.100	0.100
0.100	0.700	0.100	0.100
0.100	0.700	0.100	0.100
0.100	0.100	0.700	0.100
0.700	0.100	0.100	0.100
0.100	0.700	0.100	0.100
0.100	0.100	0.700	0.100
0.700	0.100	0.100	0.100
>CAGCGTGC	20-CAGCGTGC	6.183375	-7.482987	0	T:1171.0(10.34%),B:3650.7(9.43%),P:1e-3	Tpos:99.7,Tstd:56.0,Bpos:100.3,Bstd:56.7,StrandBias:0.1,Multiplicity:1.11
0.078	0.822	0.078	0.022
0.695	0.109	0.066	0.130
0.077	0.100	0.708	0.115
0.086	0.765	0.057	0.092
0.047	0.115	0.753	0.085
0.090	0.083	0.082	0.745
0.083	0.114	0.705	0.098
0.033	0.811	0.075	0.081
>CGGCTTTT	21-CGGCTTTT	9.513425	-6.062217	0	T:61.0(0.54%),B:141.9(0.37%),P:1e-2	Tpos:95.2,Tstd:58.0,Bpos:106.7,Bstd:54.3,StrandBias:0.0,Multiplicity:1.25
0.001	0.997	0.001	0.001
0.001	0.001	0.997	0.001
0.001	0.001	0.997	0.001
0.211	0.787	0.001	0.001
0.001	0.001	0.001	0.997
0.001	0.001	0.001	0.997
0.001	0.001	0.001	0.997
0.001	0.001	0.001	0.997
