>TGGGGCCGGCTC	1-TGGGGCCGGCTC	12.163797	-37.784475	0	T:22.0(0.19%),B:6.9(0.02%),P:1e-16	Tpos:101.2,Tstd:60.2,Bpos:130.4,Bstd:52.6,StrandBias:0.0,Multiplicity:1.09
0.093	0.001	0.293	0.613
0.001	0.093	0.813	0.093
0.001	0.001	0.906	0.092
0.001	0.092	0.906	0.001
0.092	0.001	0.906	0.001
0.092	0.906	0.001	0.001
0.001	0.842	0.001	0.156
0.001	0.001	0.997	0.001
0.001	0.001	0.997	0.001
0.001	0.906	0.001	0.092
0.001	0.001	0.092	0.906
0.001	0.906	0.001	0.092
>CACCACAGCACA	2-CACCACAGCACA	12.875186	-33.246235	0	T:14.0(0.12%),B:3.0(0.01%),P:1e-14	Tpos:108.7,Tstd:54.1,Bpos:69.7,Bstd:35.2,StrandBias:-0.3,Multiplicity:1.43
0.001	0.865	0.095	0.039
0.997	0.001	0.001	0.001
0.001	0.997	0.001	0.001
0.001	0.997	0.001	0.001
0.997	0.001	0.001	0.001
0.001	0.997	0.001	0.001
0.798	0.200	0.001	0.001
0.200	0.001	0.798	0.001
0.001	0.960	0.038	0.001
0.997	0.001	0.001	0.001
0.001	0.997	0.001	0.001
0.997	0.001	0.001	0.001
>GTAACTAGGTGC	3-GTAACTAGGTGC	7.934624	-32.011961	0	T:22.0(0.19%),B:8.7(0.02%),P:1e-13	Tpos:102.4,Tstd:54.2,Bpos:111.6,Bstd:53.4,StrandBias:-1.5,Multiplicity:1.23
0.163	0.150	0.469	0.219
0.166	0.167	0.122	0.545
0.631	0.011	0.210	0.148
0.559	0.096	0.175	0.170
0.218	0.483	0.160	0.139
0.151	0.181	0.012	0.656
0.536	0.009	0.272	0.183
0.171	0.110	0.543	0.176
0.010	0.207	0.633	0.150
0.137	0.006	0.203	0.654
0.091	0.136	0.583	0.190
0.130	0.519	0.214	0.137
>CTGGAGACMCAC	4-CTGGAGACMCAC	13.124201	-31.294031	0	T:11.0(0.10%),B:1.3(0.00%),P:1e-13	Tpos:105.9,Tstd:58.2,Bpos:14.0,Bstd:0.0,StrandBias:1.3,Multiplicity:1.55
0.001	0.656	0.240	0.103
0.001	0.001	0.102	0.896
0.001	0.001	0.997	0.001
0.001	0.001	0.896	0.102
0.997	0.001	0.001	0.001
0.240	0.001	0.656	0.103
0.663	0.001	0.335	0.001
0.110	0.552	0.337	0.001
0.550	0.448	0.001	0.001
0.001	0.896	0.001	0.102
0.792	0.206	0.001	0.001
0.001	0.997	0.001	0.001
>AGCTCCGCCTCC	5-AGCTCCGCCTCC	11.023920	-30.685063	0	T:15.0(0.13%),B:4.0(0.01%),P:1e-13	Tpos:104.3,Tstd:56.2,Bpos:90.2,Bstd:42.6,StrandBias:-0.3,Multiplicity:1.33
0.997	0.001	0.001	0.001
0.001	0.001	0.997	0.001
0.040	0.958	0.001	0.001
0.001	0.001	0.001	0.997
0.001	0.997	0.001	0.001
0.001	0.900	0.098	0.001
0.001	0.001	0.997	0.001
0.001	0.860	0.099	0.040
0.001	0.997	0.001	0.001
0.001	0.001	0.001	0.997
0.001	0.997	0.001	0.001
0.001	0.997	0.001	0.001
>CTCACTCACTGC	6-CTCACTCACTGC	11.409154	-30.685063	0	T:15.0(0.13%),B:4.0(0.01%),P:1e-13	Tpos:106.7,Tstd:55.2,Bpos:148.6,Bstd:50.9,StrandBias:-1.0,Multiplicity:1.20
0.074	0.589	0.034	0.303
0.070	0.053	0.040	0.837
0.066	0.792	0.069	0.073
0.841	0.073	0.046	0.040
0.060	0.820	0.047	0.073
0.097	0.060	0.040	0.803
0.086	0.628	0.067	0.219
0.731	0.185	0.020	0.064
0.268	0.609	0.080	0.043
0.109	0.040	0.060	0.791
0.083	0.069	0.801	0.047
0.056	0.782	0.095	0.067
>WTACGAACTGAR	7-WTACGAACTGAR	8.203482	-30.067331	0	T:13.0(0.11%),B:2.8(0.01%),P:1e-13	Tpos:118.5,Tstd:42.5,Bpos:101.4,Bstd:54.5,StrandBias:-0.2,Multiplicity:1.00
0.360	0.205	0.206	0.230
0.133	0.130	0.119	0.618
0.631	0.119	0.129	0.121
0.153	0.538	0.147	0.162
0.148	0.144	0.551	0.157
0.647	0.129	0.114	0.110
0.640	0.123	0.115	0.122
0.114	0.649	0.126	0.111
0.133	0.080	0.086	0.701
0.106	0.122	0.655	0.117
0.652	0.116	0.113	0.119
0.358	0.205	0.234	0.204
>GGAGGGCACACG	8-GGAGGGCACACG	13.071891	-30.067331	0	T:13.0(0.11%),B:2.9(0.01%),P:1e-13	Tpos:108.8,Tstd:54.7,Bpos:77.1,Bstd:60.2,StrandBias:-1.9,Multiplicity:1.46
0.001	0.001	0.997	0.001
0.001	0.001	0.997	0.001
0.957	0.041	0.001	0.001
0.001	0.001	0.957	0.041
0.001	0.001	0.997	0.001
0.042	0.042	0.874	0.042
0.001	0.997	0.001	0.001
0.997	0.001	0.001	0.001
0.001	0.957	0.001	0.041
0.957	0.041	0.001	0.001
0.001	0.957	0.001	0.041
0.001	0.041	0.957	0.001
>CTGGCCTCCTGA	9-CTGGCCTCCTGA	12.049106	-26.642702	0	T:15.0(0.13%),B:4.8(0.01%),P:1e-11	Tpos:114.4,Tstd:50.4,Bpos:93.6,Bstd:47.5,StrandBias:-1.8,Multiplicity:1.20
0.001	0.997	0.001	0.001
0.001	0.105	0.001	0.893
0.001	0.100	0.898	0.001
0.001	0.001	0.997	0.001
0.001	0.997	0.001	0.001
0.001	0.997	0.001	0.001
0.001	0.001	0.001	0.997
0.001	0.997	0.001	0.001
0.001	0.997	0.001	0.001
0.001	0.001	0.001	0.997
0.001	0.001	0.997	0.001
0.997	0.001	0.001	0.001
>GATTTTTTAAAA	10-GATTTTTTAAAA	9.174545	-24.969030	0	T:381.0(3.36%),B:911.2(2.35%),P:1e-10	Tpos:101.2,Tstd:52.1,Bpos:99.6,Bstd:54.3,StrandBias:0.1,Multiplicity:1.04
0.095	0.175	0.635	0.095
0.708	0.036	0.145	0.111
0.031	0.141	0.074	0.754
0.180	0.026	0.054	0.740
0.013	0.033	0.019	0.935
0.034	0.008	0.005	0.953
0.039	0.010	0.070	0.881
0.186	0.031	0.087	0.696
0.856	0.031	0.021	0.092
0.947	0.015	0.008	0.030
0.941	0.023	0.008	0.028
0.761	0.045	0.059	0.135
>AGACGGCCATTA	11-AGACGGCCATTA	13.415262	-24.128914	0	T:9.0(0.08%),B:0.0(0.00%),P:1e-10	Tpos:93.2,Tstd:57.8,Bpos:0.0,Bstd:0.0,StrandBias:0.7,Multiplicity:1.44
0.997	0.001	0.001	0.001
0.001	0.079	0.919	0.001
0.919	0.001	0.001	0.079
0.001	0.727	0.079	0.193
0.001	0.001	0.997	0.001
0.001	0.001	0.997	0.001
0.001	0.997	0.001	0.001
0.001	0.997	0.001	0.001
0.997	0.001	0.001	0.001
0.001	0.001	0.001	0.997
0.001	0.001	0.079	0.919
0.841	0.079	0.079	0.001
>CCGCWGGAGGGG	12-CCGCWGGAGGGG	13.701228	-21.596815	0	T:13.0(0.11%),B:4.6(0.01%),P:1e-9	Tpos:110.0,Tstd:53.5,Bpos:83.7,Bstd:36.9,StrandBias:2.4,Multiplicity:1.46
0.001	0.603	0.001	0.395
0.001	0.997	0.001	0.001
0.001	0.001	0.997	0.001
0.001	0.997	0.001	0.001
0.527	0.001	0.001	0.471
0.001	0.001	0.997	0.001
0.193	0.001	0.805	0.001
0.997	0.001	0.001	0.001
0.001	0.001	0.997	0.001
0.001	0.001	0.997	0.001
0.325	0.001	0.673	0.001
0.001	0.001	0.997	0.001
>NACCATCATCAN	13-NACCATCATCAN	9.837137	-20.698668	0	T:8.0(0.07%),B:1.8(0.00%),P:1e-8	Tpos:121.3,Tstd:46.1,Bpos:86.0,Bstd:3.8,StrandBias:1.7,Multiplicity:1.62
0.233	0.320	0.221	0.226
0.619	0.135	0.112	0.134
0.137	0.604	0.124	0.135
0.140	0.660	0.078	0.122
0.650	0.129	0.082	0.139
0.127	0.118	0.114	0.641
0.121	0.626	0.131	0.122
0.654	0.134	0.075	0.137
0.134	0.127	0.129	0.610
0.121	0.632	0.126	0.121
0.659	0.123	0.077	0.141
0.230	0.326	0.218	0.226
>CTCCTCCCCTAG	14-CTCCTCCCCTAG	12.717314	-20.124728	0	T:22.0(0.19%),B:15.9(0.04%),P:1e-8	Tpos:89.2,Tstd:44.9,Bpos:77.0,Bstd:65.1,StrandBias:0.8,Multiplicity:1.27
0.081	0.917	0.001	0.001
0.033	0.001	0.001	0.965
0.001	0.997	0.001	0.001
0.001	0.965	0.001	0.033
0.001	0.001	0.001	0.997
0.001	0.965	0.001	0.033
0.001	0.905	0.001	0.093
0.001	0.997	0.001	0.001
0.033	0.933	0.033	0.001
0.001	0.001	0.001	0.997
0.848	0.001	0.150	0.001
0.001	0.001	0.997	0.001
>ACAAAACCCTCC	15-ACAAAACCCTCC	13.774354	-19.743111	0	T:11.0(0.10%),B:4.0(0.01%),P:1e-8	Tpos:93.8,Tstd:55.6,Bpos:98.4,Bstd:81.2,StrandBias:-0.7,Multiplicity:1.45
0.617	0.001	0.001	0.381
0.001	0.997	0.001	0.001
0.997	0.001	0.001	0.001
0.997	0.001	0.001	0.001
0.997	0.001	0.001	0.001
0.997	0.001	0.001	0.001
0.001	0.997	0.001	0.001
0.001	0.997	0.001	0.001
0.001	0.997	0.001	0.001
0.250	0.001	0.001	0.748
0.381	0.617	0.001	0.001
0.001	0.997	0.001	0.001
>ACACCTCACAGT	16-ACACCTCACAGT	12.879472	-18.152630	0	T:9.0(0.08%),B:2.2(0.01%),P:1e-7	Tpos:93.4,Tstd:49.8,Bpos:190.1,Bstd:3.5,StrandBias:-2.6,Multiplicity:2.33
0.997	0.001	0.001	0.001
0.001	0.740	0.258	0.001
0.599	0.130	0.141	0.130
0.001	0.997	0.001	0.001
0.001	0.997	0.001	0.001
0.001	0.001	0.001	0.997
0.001	0.997	0.001	0.001
0.997	0.001	0.001	0.001
0.129	0.869	0.001	0.001
0.997	0.001	0.001	0.001
0.001	0.001	0.869	0.129
0.001	0.001	0.129	0.869
>TCGTATCTATCC	17-TCGTATCTATCC	13.448442	-17.385455	0	T:7.0(0.06%),B:1.1(0.00%),P:1e-7	Tpos:103.8,Tstd:52.8,Bpos:143.0,Bstd:0.0,StrandBias:-2.6,Multiplicity:2.00
0.001	0.001	0.001	0.997
0.291	0.707	0.001	0.001
0.001	0.001	0.997	0.001
0.001	0.001	0.001	0.997
0.997	0.001	0.001	0.001
0.001	0.001	0.001	0.997
0.001	0.824	0.174	0.001
0.001	0.001	0.001	0.997
0.824	0.001	0.001	0.174
0.001	0.001	0.349	0.649
0.001	0.997	0.001	0.001
0.001	0.641	0.001	0.357
>TATTCTCCTACA	18-TATTCTCCTACA	13.285456	-15.412079	0	T:8.0(0.07%),B:2.9(0.01%),P:1e-6	Tpos:103.6,Tstd:46.2,Bpos:92.7,Bstd:55.1,StrandBias:2.8,Multiplicity:2.00
0.001	0.001	0.001	0.997
0.957	0.041	0.001	0.001
0.001	0.001	0.001	0.997
0.001	0.001	0.001	0.997
0.001	0.997	0.001	0.001
0.001	0.001	0.001	0.997
0.041	0.957	0.001	0.001
0.001	0.997	0.001	0.001
0.001	0.001	0.001	0.997
0.957	0.001	0.001	0.041
0.001	0.997	0.001	0.001
0.957	0.001	0.001	0.041
>CAYACAGCACAC	19-CAYACAGCACAC	11.867702	-13.910872	0	T:18.0(0.16%),B:15.8(0.04%),P:1e-6	Tpos:93.9,Tstd:56.7,Bpos:101.0,Bstd:56.1,StrandBias:-0.8,Multiplicity:1.67
0.039	0.884	0.076	0.001
0.714	0.078	0.039	0.169
0.038	0.532	0.001	0.429
0.922	0.001	0.038	0.039
0.038	0.647	0.005	0.310
0.831	0.130	0.001	0.038
0.001	0.381	0.617	0.001
0.038	0.648	0.001	0.313
0.920	0.040	0.038	0.002
0.158	0.762	0.004	0.076
0.918	0.043	0.001	0.038
0.001	0.957	0.001	0.041
>AGGGAGGCAGTG	20-AGGGAGGCAGTG	13.721136	-13.910872	0	T:18.0(0.16%),B:15.2(0.04%),P:1e-6	Tpos:99.3,Tstd:54.3,Bpos:77.0,Bstd:54.9,StrandBias:-1.1,Multiplicity:1.56
0.968	0.001	0.030	0.001
0.001	0.001	0.997	0.001
0.001	0.001	0.997	0.001
0.118	0.001	0.850	0.031
0.997	0.001	0.001	0.001
0.001	0.001	0.830	0.168
0.001	0.001	0.997	0.001
0.001	0.997	0.001	0.001
0.586	0.001	0.001	0.412
0.001	0.001	0.997	0.001
0.001	0.001	0.001	0.997
0.001	0.001	0.997	0.001
>GGGGGCAMAAAG	21-GGGGGCAMAAAG	14.248839	-12.625149	0	T:10.0(0.09%),B:6.0(0.02%),P:1e-5	Tpos:103.0,Tstd:55.4,Bpos:129.3,Bstd:48.4,StrandBias:1.4,Multiplicity:1.80
0.001	0.001	0.997	0.001
0.001	0.001	0.997	0.001
0.010	0.017	0.972	0.001
0.001	0.001	0.997	0.001
0.001	0.001	0.997	0.001
0.001	0.997	0.001	0.001
0.997	0.001	0.001	0.001
0.478	0.367	0.001	0.154
0.997	0.001	0.001	0.001
0.997	0.001	0.001	0.001
0.997	0.001	0.001	0.001
0.367	0.001	0.631	0.001
>CATCGAATGGAA	22-CATCGAATGGAA	13.326902	-11.176305	0	T:5.0(0.04%),B:0.9(0.00%),P:1e-4	Tpos:109.9,Tstd:39.9,Bpos:51.0,Bstd:0.0,StrandBias:3.3,Multiplicity:2.20
0.204	0.794	0.001	0.001
0.915	0.001	0.083	0.001
0.001	0.001	0.001	0.997
0.001	0.915	0.001	0.083
0.001	0.204	0.794	0.001
0.997	0.001	0.001	0.001
0.997	0.001	0.001	0.001
0.083	0.001	0.001	0.915
0.001	0.001	0.997	0.001
0.083	0.001	0.915	0.001
0.997	0.001	0.001	0.001
0.831	0.084	0.084	0.001
>DGAGTAGGGGAN	23-DGAGTAGGGGAN	9.613440	-11.176305	0	T:5.0(0.04%),B:2.0(0.01%),P:1e-4	Tpos:94.3,Tstd:66.3,Bpos:98.6,Bstd:69.3,StrandBias:-1.4,Multiplicity:2.20
0.251	0.146	0.265	0.338
0.125	0.123	0.656	0.096
0.641	0.087	0.142	0.130
0.122	0.114	0.660	0.104
0.156	0.168	0.169	0.507
0.601	0.105	0.152	0.142
0.138	0.077	0.664	0.121
0.134	0.073	0.680	0.113
0.136	0.068	0.669	0.127
0.124	0.122	0.666	0.088
0.618	0.130	0.136	0.116
0.245	0.300	0.251	0.204
>GCTGCAGAGTCA	24-GCTGCAGAGTCA	13.569057	-8.108802	0	T:6.0(0.05%),B:3.6(0.01%),P:1e-3	Tpos:69.5,Tstd:53.5,Bpos:107.8,Bstd:21.1,StrandBias:3.5,Multiplicity:2.00
0.001	0.001	0.997	0.001
0.001	0.997	0.001	0.001
0.001	0.001	0.001	0.997
0.001	0.055	0.889	0.055
0.001	0.944	0.054	0.001
0.997	0.001	0.001	0.001
0.001	0.001	0.997	0.001
0.997	0.001	0.001	0.001
0.001	0.001	0.997	0.001
0.001	0.001	0.001	0.997
0.001	0.997	0.001	0.001
0.997	0.001	0.001	0.001
>ACAGGCTGGAGG	25-ACAGGCTGGAGG	12.355432	-5.785316	0	T:4.0(0.04%),B:2.3(0.01%),P:1e-2	Tpos:114.6,Tstd:59.5,Bpos:20.5,Bstd:3.8,StrandBias:10.0,Multiplicity:2.75
0.700	0.100	0.100	0.100
0.100	0.700	0.100	0.100
0.700	0.100	0.100	0.100
0.100	0.100	0.700	0.100
0.100	0.100	0.700	0.100
0.100	0.700	0.100	0.100
0.100	0.100	0.100	0.700
0.100	0.100	0.700	0.100
0.100	0.100	0.700	0.100
0.700	0.100	0.100	0.100
0.100	0.100	0.700	0.100
0.100	0.100	0.700	0.100
