>CGACCCATGA	1-CGACCCATGA	10.261581	-30.942382	0	T:18.0(0.16%),B:5.6(0.01%),P:1e-13	Tpos:92.9,Tstd:55.4,Bpos:102.6,Bstd:39.8,StrandBias:1.1,Multiplicity:1.22
0.001	0.997	0.001	0.001
0.001	0.001	0.915	0.083
0.997	0.001	0.001	0.001
0.001	0.997	0.001	0.001
0.001	0.600	0.116	0.283
0.001	0.997	0.001	0.001
0.882	0.001	0.116	0.001
0.001	0.001	0.001	0.997
0.001	0.001	0.882	0.116
0.715	0.001	0.001	0.283
>TGCTGAACCT	2-TGCTGAACCT	12.690198	-26.379317	0	T:24.0(0.21%),B:13.5(0.03%),P:1e-11	Tpos:87.1,Tstd:52.1,Bpos:93.6,Bstd:48.4,StrandBias:-1.3,Multiplicity:1.00
0.001	0.001	0.001	0.997
0.001	0.001	0.997	0.001
0.001	0.680	0.001	0.318
0.001	0.001	0.001	0.997
0.001	0.001	0.997	0.001
0.997	0.001	0.001	0.001
0.997	0.001	0.001	0.001
0.001	0.997	0.001	0.001
0.001	0.997	0.001	0.001
0.001	0.001	0.001	0.997
>GACGCCACCA	3-GACGCCACCA	10.526433	-25.967261	0	T:16.0(0.14%),B:5.2(0.01%),P:1e-11	Tpos:60.4,Tstd:42.9,Bpos:133.6,Bstd:55.7,StrandBias:0.0,Multiplicity:1.00
0.001	0.001	0.997	0.001
0.874	0.001	0.001	0.124
0.001	0.997	0.001	0.001
0.001	0.001	0.997	0.001
0.124	0.874	0.001	0.001
0.001	0.948	0.001	0.050
0.997	0.001	0.001	0.001
0.001	0.997	0.001	0.001
0.001	0.948	0.050	0.001
0.997	0.001	0.001	0.001
>TATGATTTGT	4-TATGATTTGT	10.296193	-25.601562	0	T:17.0(0.15%),B:6.5(0.02%),P:1e-11	Tpos:96.5,Tstd:46.9,Bpos:110.1,Bstd:57.5,StrandBias:0.9,Multiplicity:1.00
0.100	0.100	0.100	0.700
0.700	0.100	0.100	0.100
0.100	0.100	0.100	0.700
0.100	0.100	0.700	0.100
0.700	0.100	0.100	0.100
0.100	0.100	0.100	0.700
0.100	0.100	0.100	0.700
0.100	0.100	0.100	0.700
0.100	0.100	0.700	0.100
0.100	0.100	0.100	0.700
>TGGCAGGCAG	5-TGGCAGGCAG	7.634562	-25.047902	0	T:1121.0(9.89%),B:3148.0(8.13%),P:1e-10	Tpos:102.4,Tstd:55.5,Bpos:101.9,Bstd:57.3,StrandBias:-0.0,Multiplicity:1.09
0.007	0.137	0.087	0.769
0.001	0.079	0.765	0.155
0.001	0.170	0.828	0.001
0.115	0.673	0.078	0.134
0.764	0.092	0.001	0.143
0.001	0.001	0.982	0.016
0.001	0.001	0.997	0.001
0.125	0.523	0.178	0.174
0.834	0.001	0.142	0.023
0.004	0.088	0.897	0.011
>GACAATTACT	6-GACAATTACT	10.296193	-24.128914	0	T:9.0(0.08%),B:2.0(0.01%),P:1e-10	Tpos:85.3,Tstd:44.0,Bpos:97.2,Bstd:37.4,StrandBias:1.0,Multiplicity:1.00
0.100	0.100	0.700	0.100
0.700	0.100	0.100	0.100
0.100	0.700	0.100	0.100
0.700	0.100	0.100	0.100
0.700	0.100	0.100	0.100
0.100	0.100	0.100	0.700
0.100	0.100	0.100	0.700
0.700	0.100	0.100	0.100
0.100	0.700	0.100	0.100
0.100	0.100	0.100	0.700
>GCTCACTAAA	7-GCTCACTAAA	10.296193	-23.936585	0	T:11.0(0.10%),B:2.9(0.01%),P:1e-10	Tpos:129.5,Tstd:44.2,Bpos:54.7,Bstd:36.4,StrandBias:0.3,Multiplicity:1.00
0.100	0.100	0.700	0.100
0.100	0.700	0.100	0.100
0.100	0.100	0.100	0.700
0.100	0.700	0.100	0.100
0.700	0.100	0.100	0.100
0.100	0.700	0.100	0.100
0.100	0.100	0.100	0.700
0.700	0.100	0.100	0.100
0.700	0.100	0.100	0.100
0.700	0.100	0.100	0.100
>GCAAAACTCC	8-GCAAAACTCC	10.992146	-21.259254	0	T:17.0(0.15%),B:8.5(0.02%),P:1e-9	Tpos:110.3,Tstd:46.6,Bpos:110.4,Bstd:53.3,StrandBias:0.3,Multiplicity:1.06
0.001	0.001	0.997	0.001
0.001	0.997	0.001	0.001
0.936	0.001	0.062	0.001
0.997	0.001	0.001	0.001
0.936	0.001	0.001	0.062
0.997	0.001	0.001	0.001
0.001	0.997	0.001	0.001
0.001	0.001	0.001	0.997
0.001	0.997	0.001	0.001
0.001	0.997	0.001	0.001
>ATAGTTAAGT	9-ATAGTTAAGT	10.296193	-20.997377	0	T:10.0(0.09%),B:2.5(0.01%),P:1e-9	Tpos:84.8,Tstd:24.3,Bpos:69.6,Bstd:50.2,StrandBias:0.6,Multiplicity:1.00
0.700	0.100	0.100	0.100
0.100	0.100	0.100	0.700
0.700	0.100	0.100	0.100
0.100	0.100	0.700	0.100
0.100	0.100	0.100	0.700
0.100	0.100	0.100	0.700
0.700	0.100	0.100	0.100
0.700	0.100	0.100	0.100
0.100	0.100	0.700	0.100
0.100	0.100	0.100	0.700
>GAGCCAAGCG	10-GAGCCAAGCG	10.296193	-18.152630	0	T:9.0(0.08%),B:2.7(0.01%),P:1e-7	Tpos:92.4,Tstd:59.2,Bpos:94.2,Bstd:72.5,StrandBias:-1.0,Multiplicity:1.00
0.100	0.100	0.700	0.100
0.700	0.100	0.100	0.100
0.100	0.100	0.700	0.100
0.100	0.700	0.100	0.100
0.100	0.700	0.100	0.100
0.700	0.100	0.100	0.100
0.700	0.100	0.100	0.100
0.100	0.100	0.700	0.100
0.100	0.700	0.100	0.100
0.100	0.100	0.700	0.100
>ATAGTGCTGA	11-ATAGTGCTGA	11.204813	-17.206946	0	T:10.0(0.09%),B:3.6(0.01%),P:1e-7	Tpos:124.3,Tstd:33.9,Bpos:80.2,Bstd:64.3,StrandBias:1.2,Multiplicity:1.00
0.997	0.001	0.001	0.001
0.001	0.001	0.001	0.997
0.926	0.072	0.001	0.001
0.001	0.001	0.997	0.001
0.001	0.001	0.001	0.997
0.001	0.001	0.997	0.001
0.001	0.997	0.001	0.001
0.001	0.001	0.001	0.997
0.001	0.001	0.997	0.001
0.997	0.001	0.001	0.001
>CACCCCGGGG	12-CACCCCGGGG	7.076587	-16.792906	0	T:707.0(6.24%),B:1975.5(5.10%),P:1e-7	Tpos:100.0,Tstd:55.6,Bpos:101.5,Bstd:53.9,StrandBias:-0.1,Multiplicity:1.07
0.100	0.699	0.088	0.113
0.727	0.088	0.093	0.092
0.033	0.854	0.075	0.038
0.035	0.835	0.065	0.065
0.057	0.827	0.047	0.069
0.071	0.789	0.071	0.069
0.071	0.081	0.780	0.068
0.039	0.029	0.829	0.103
0.061	0.068	0.814	0.057
0.033	0.059	0.850	0.058
>CCATCATCAC	13-CCATCATCAC	12.441575	-16.560730	0	T:23.0(0.20%),B:20.8(0.05%),P:1e-7	Tpos:107.1,Tstd:46.7,Bpos:107.2,Bstd:48.3,StrandBias:0.0,Multiplicity:1.39
0.001	0.997	0.001	0.001
0.001	0.997	0.001	0.001
0.750	0.001	0.248	0.001
0.001	0.001	0.001	0.997
0.001	0.997	0.001	0.001
0.997	0.001	0.001	0.001
0.001	0.001	0.001	0.997
0.001	0.997	0.001	0.001
0.997	0.001	0.001	0.001
0.001	0.997	0.001	0.001
>CTATGATGAG	14-CTATGATGAG	11.039021	-15.412079	0	T:8.0(0.07%),B:2.6(0.01%),P:1e-6	Tpos:90.4,Tstd:59.1,Bpos:87.1,Bstd:74.8,StrandBias:-0.8,Multiplicity:1.38
0.001	0.997	0.001	0.001
0.001	0.001	0.001	0.997
0.997	0.001	0.001	0.001
0.001	0.061	0.001	0.937
0.001	0.001	0.997	0.001
0.997	0.001	0.001	0.001
0.001	0.001	0.001	0.997
0.001	0.001	0.997	0.001
0.997	0.001	0.001	0.001
0.001	0.001	0.997	0.001
>GATCAACCTC	15-GATCAACCTC	10.296193	-15.412079	0	T:8.0(0.07%),B:2.8(0.01%),P:1e-6	Tpos:111.1,Tstd:45.3,Bpos:119.1,Bstd:53.7,StrandBias:0.7,Multiplicity:1.00
0.100	0.100	0.700	0.100
0.700	0.100	0.100	0.100
0.100	0.100	0.100	0.700
0.100	0.700	0.100	0.100
0.700	0.100	0.100	0.100
0.700	0.100	0.100	0.100
0.100	0.700	0.100	0.100
0.100	0.700	0.100	0.100
0.100	0.100	0.100	0.700
0.100	0.700	0.100	0.100
>GGGTACTTCA	16-GGGTACTTCA	10.296193	-15.412079	0	T:8.0(0.07%),B:2.8(0.01%),P:1e-6	Tpos:127.2,Tstd:45.1,Bpos:120.2,Bstd:34.3,StrandBias:2.8,Multiplicity:1.00
0.100	0.100	0.700	0.100
0.100	0.100	0.700	0.100
0.100	0.100	0.700	0.100
0.100	0.100	0.100	0.700
0.700	0.100	0.100	0.100
0.100	0.700	0.100	0.100
0.100	0.100	0.100	0.700
0.100	0.100	0.100	0.700
0.100	0.700	0.100	0.100
0.700	0.100	0.100	0.100
>ATCGAATGGA	17-ATCGAATGGA	10.942873	-14.204662	0	T:6.0(0.05%),B:1.9(0.00%),P:1e-6	Tpos:114.6,Tstd:51.1,Bpos:71.0,Bstd:18.7,StrandBias:2.5,Multiplicity:2.17
0.997	0.001	0.001	0.001
0.001	0.001	0.001	0.997
0.001	0.997	0.001	0.001
0.001	0.001	0.997	0.001
0.997	0.001	0.001	0.001
0.997	0.001	0.001	0.001
0.001	0.001	0.001	0.997
0.063	0.001	0.935	0.001
0.001	0.063	0.935	0.001
0.935	0.001	0.001	0.063
>AGCCGAGGGA	18-AGCCGAGGGA	9.274206	-13.383510	0	T:17.0(0.15%),B:14.8(0.04%),P:1e-5	Tpos:93.4,Tstd:55.1,Bpos:78.6,Bstd:62.5,StrandBias:0.3,Multiplicity:1.29
0.881	0.117	0.001	0.001
0.001	0.001	0.997	0.001
0.001	0.997	0.001	0.001
0.001	0.997	0.001	0.001
0.001	0.001	0.997	0.001
0.997	0.001	0.001	0.001
0.089	0.001	0.909	0.001
0.001	0.001	0.997	0.001
0.001	0.001	0.997	0.001
0.997	0.001	0.001	0.001
>AGGACAGTAT	19-AGGACAGTAT	10.296193	-12.426035	0	T:8.0(0.07%),B:3.9(0.01%),P:1e-5	Tpos:95.0,Tstd:56.6,Bpos:129.0,Bstd:52.6,StrandBias:-0.8,Multiplicity:1.38
0.700	0.100	0.100	0.100
0.100	0.100	0.700	0.100
0.100	0.100	0.700	0.100
0.700	0.100	0.100	0.100
0.100	0.700	0.100	0.100
0.700	0.100	0.100	0.100
0.100	0.100	0.700	0.100
0.100	0.100	0.100	0.700
0.700	0.100	0.100	0.100
0.100	0.100	0.100	0.700
>ATGGCCGTCT	20-ATGGCCGTCT	11.204813	-12.426035	0	T:8.0(0.07%),B:4.0(0.01%),P:1e-5	Tpos:98.7,Tstd:33.3,Bpos:57.2,Bstd:61.6,StrandBias:-0.6,Multiplicity:1.25
0.997	0.001	0.001	0.001
0.001	0.001	0.001	0.997
0.001	0.001	0.997	0.001
0.001	0.001	0.997	0.001
0.001	0.997	0.001	0.001
0.001	0.926	0.072	0.001
0.001	0.001	0.997	0.001
0.001	0.001	0.001	0.997
0.001	0.997	0.001	0.001
0.001	0.001	0.001	0.997
>CGTGAGTAGG	21-CGTGAGTAGG	11.647636	-10.294401	0	T:6.0(0.05%),B:2.9(0.01%),P:1e-4	Tpos:102.0,Tstd:54.4,Bpos:123.4,Bstd:33.6,StrandBias:-2.3,Multiplicity:2.00
0.001	0.997	0.001	0.001
0.001	0.001	0.997	0.001
0.001	0.001	0.001	0.997
0.050	0.001	0.948	0.001
0.997	0.001	0.001	0.001
0.001	0.001	0.997	0.001
0.001	0.001	0.001	0.997
0.948	0.001	0.001	0.050
0.001	0.001	0.997	0.001
0.001	0.001	0.874	0.124
>AGTATCTATC	22-AGTATCTATC	10.296193	-8.327473	0	T:4.0(0.04%),B:2.0(0.01%),P:1e-3	Tpos:111.3,Tstd:54.7,Bpos:159.8,Bstd:19.3,StrandBias:-2.2,Multiplicity:2.75
0.700	0.100	0.100	0.100
0.100	0.100	0.700	0.100
0.100	0.100	0.100	0.700
0.700	0.100	0.100	0.100
0.100	0.100	0.100	0.700
0.100	0.700	0.100	0.100
0.100	0.100	0.100	0.700
0.700	0.100	0.100	0.100
0.100	0.100	0.100	0.700
0.100	0.700	0.100	0.100
>CAAAAAGCCG	23-CAAAAAGCCG	10.296193	-6.102549	0	T:7.0(0.06%),B:6.7(0.02%),P:1e-2	Tpos:105.2,Tstd:46.1,Bpos:101.7,Bstd:53.3,StrandBias:1.4,Multiplicity:2.57
0.100	0.700	0.100	0.100
0.700	0.100	0.100	0.100
0.700	0.100	0.100	0.100
0.700	0.100	0.100	0.100
0.700	0.100	0.100	0.100
0.700	0.100	0.100	0.100
0.100	0.100	0.700	0.100
0.100	0.700	0.100	0.100
0.100	0.700	0.100	0.100
0.100	0.100	0.700	0.100
>CCTACATGTA	24-CCTACATGTA	10.756788	-5.785316	0	T:4.0(0.04%),B:2.9(0.01%),P:1e-2	Tpos:93.5,Tstd:63.6,Bpos:88.7,Bstd:55.3,StrandBias:2.3,Multiplicity:3.00
0.046	0.952	0.001	0.001
0.001	0.997	0.001	0.001
0.001	0.001	0.001	0.997
0.997	0.001	0.001	0.001
0.001	0.997	0.001	0.001
0.997	0.001	0.001	0.001
0.001	0.001	0.001	0.997
0.001	0.001	0.997	0.001
0.001	0.001	0.001	0.997
0.997	0.001	0.001	0.001
>CACACGACTG	25-CACACGACTG	10.296193	-3.831769	0	T:3.0(0.03%),B:2.5(0.01%),P:1e-1	Tpos:104.9,Tstd:51.8,Bpos:170.6,Bstd:11.7,StrandBias:-1.8,Multiplicity:3.00
0.100	0.700	0.100	0.100
0.700	0.100	0.100	0.100
0.100	0.700	0.100	0.100
0.700	0.100	0.100	0.100
0.100	0.700	0.100	0.100
0.100	0.100	0.700	0.100
0.700	0.100	0.100	0.100
0.100	0.700	0.100	0.100
0.100	0.100	0.100	0.700
0.100	0.100	0.700	0.100
>TGGGGCCGGCTC	1-TGGGGCCGGCTC	12.163797	-37.784475	0	T:22.0(0.19%),B:6.9(0.02%),P:1e-16	Tpos:101.2,Tstd:60.2,Bpos:130.4,Bstd:52.6,StrandBias:0.0,Multiplicity:1.09
0.093	0.001	0.293	0.613
0.001	0.093	0.813	0.093
0.001	0.001	0.906	0.092
0.001	0.092	0.906	0.001
0.092	0.001	0.906	0.001
0.092	0.906	0.001	0.001
0.001	0.842	0.001	0.156
0.001	0.001	0.997	0.001
0.001	0.001	0.997	0.001
0.001	0.906	0.001	0.092
0.001	0.001	0.092	0.906
0.001	0.906	0.001	0.092
>CACCACAGCACA	2-CACCACAGCACA	12.875186	-33.246235	0	T:14.0(0.12%),B:3.0(0.01%),P:1e-14	Tpos:108.7,Tstd:54.1,Bpos:69.7,Bstd:35.2,StrandBias:-0.3,Multiplicity:1.43
0.001	0.865	0.095	0.039
0.997	0.001	0.001	0.001
0.001	0.997	0.001	0.001
0.001	0.997	0.001	0.001
0.997	0.001	0.001	0.001
0.001	0.997	0.001	0.001
0.798	0.200	0.001	0.001
0.200	0.001	0.798	0.001
0.001	0.960	0.038	0.001
0.997	0.001	0.001	0.001
0.001	0.997	0.001	0.001
0.997	0.001	0.001	0.001
>GTAACTAGGTGC	3-GTAACTAGGTGC	7.934624	-32.011961	0	T:22.0(0.19%),B:8.7(0.02%),P:1e-13	Tpos:102.4,Tstd:54.2,Bpos:111.6,Bstd:53.4,StrandBias:-1.5,Multiplicity:1.23
0.163	0.150	0.469	0.219
0.166	0.167	0.122	0.545
0.631	0.011	0.210	0.148
0.559	0.096	0.175	0.170
0.218	0.483	0.160	0.139
0.151	0.181	0.012	0.656
0.536	0.009	0.272	0.183
0.171	0.110	0.543	0.176
0.010	0.207	0.633	0.150
0.137	0.006	0.203	0.654
0.091	0.136	0.583	0.190
0.130	0.519	0.214	0.137
>CTGGAGACMCAC	4-CTGGAGACMCAC	13.124201	-31.294031	0	T:11.0(0.10%),B:1.3(0.00%),P:1e-13	Tpos:105.9,Tstd:58.2,Bpos:14.0,Bstd:0.0,StrandBias:1.3,Multiplicity:1.55
0.001	0.656	0.240	0.103
0.001	0.001	0.102	0.896
0.001	0.001	0.997	0.001
0.001	0.001	0.896	0.102
0.997	0.001	0.001	0.001
0.240	0.001	0.656	0.103
0.663	0.001	0.335	0.001
0.110	0.552	0.337	0.001
0.550	0.448	0.001	0.001
0.001	0.896	0.001	0.102
0.792	0.206	0.001	0.001
0.001	0.997	0.001	0.001
>AGCTCCGCCTCC	5-AGCTCCGCCTCC	11.023920	-30.685063	0	T:15.0(0.13%),B:4.0(0.01%),P:1e-13	Tpos:104.3,Tstd:56.2,Bpos:90.2,Bstd:42.6,StrandBias:-0.3,Multiplicity:1.33
0.997	0.001	0.001	0.001
0.001	0.001	0.997	0.001
0.040	0.958	0.001	0.001
0.001	0.001	0.001	0.997
0.001	0.997	0.001	0.001
0.001	0.900	0.098	0.001
0.001	0.001	0.997	0.001
0.001	0.860	0.099	0.040
0.001	0.997	0.001	0.001
0.001	0.001	0.001	0.997
0.001	0.997	0.001	0.001
0.001	0.997	0.001	0.001
>CTCACTCACTGC	6-CTCACTCACTGC	11.409154	-30.685063	0	T:15.0(0.13%),B:4.0(0.01%),P:1e-13	Tpos:106.7,Tstd:55.2,Bpos:148.6,Bstd:50.9,StrandBias:-1.0,Multiplicity:1.20
0.074	0.589	0.034	0.303
0.070	0.053	0.040	0.837
0.066	0.792	0.069	0.073
0.841	0.073	0.046	0.040
0.060	0.820	0.047	0.073
0.097	0.060	0.040	0.803
0.086	0.628	0.067	0.219
0.731	0.185	0.020	0.064
0.268	0.609	0.080	0.043
0.109	0.040	0.060	0.791
0.083	0.069	0.801	0.047
0.056	0.782	0.095	0.067
>WTACGAACTGAR	7-WTACGAACTGAR	8.203482	-30.067331	0	T:13.0(0.11%),B:2.8(0.01%),P:1e-13	Tpos:118.5,Tstd:42.5,Bpos:101.4,Bstd:54.5,StrandBias:-0.2,Multiplicity:1.00
0.360	0.205	0.206	0.230
0.133	0.130	0.119	0.618
0.631	0.119	0.129	0.121
0.153	0.538	0.147	0.162
0.148	0.144	0.551	0.157
0.647	0.129	0.114	0.110
0.640	0.123	0.115	0.122
0.114	0.649	0.126	0.111
0.133	0.080	0.086	0.701
0.106	0.122	0.655	0.117
0.652	0.116	0.113	0.119
0.358	0.205	0.234	0.204
>GGAGGGCACACG	8-GGAGGGCACACG	13.071891	-30.067331	0	T:13.0(0.11%),B:2.9(0.01%),P:1e-13	Tpos:108.8,Tstd:54.7,Bpos:77.1,Bstd:60.2,StrandBias:-1.9,Multiplicity:1.46
0.001	0.001	0.997	0.001
0.001	0.001	0.997	0.001
0.957	0.041	0.001	0.001
0.001	0.001	0.957	0.041
0.001	0.001	0.997	0.001
0.042	0.042	0.874	0.042
0.001	0.997	0.001	0.001
0.997	0.001	0.001	0.001
0.001	0.957	0.001	0.041
0.957	0.041	0.001	0.001
0.001	0.957	0.001	0.041
0.001	0.041	0.957	0.001
>CTGGCCTCCTGA	9-CTGGCCTCCTGA	12.049106	-26.642702	0	T:15.0(0.13%),B:4.8(0.01%),P:1e-11	Tpos:114.4,Tstd:50.4,Bpos:93.6,Bstd:47.5,StrandBias:-1.8,Multiplicity:1.20
0.001	0.997	0.001	0.001
0.001	0.105	0.001	0.893
0.001	0.100	0.898	0.001
0.001	0.001	0.997	0.001
0.001	0.997	0.001	0.001
0.001	0.997	0.001	0.001
0.001	0.001	0.001	0.997
0.001	0.997	0.001	0.001
0.001	0.997	0.001	0.001
0.001	0.001	0.001	0.997
0.001	0.001	0.997	0.001
0.997	0.001	0.001	0.001
>GATTTTTTAAAA	10-GATTTTTTAAAA	9.174545	-24.969030	0	T:381.0(3.36%),B:911.2(2.35%),P:1e-10	Tpos:101.2,Tstd:52.1,Bpos:99.6,Bstd:54.3,StrandBias:0.1,Multiplicity:1.04
0.095	0.175	0.635	0.095
0.708	0.036	0.145	0.111
0.031	0.141	0.074	0.754
0.180	0.026	0.054	0.740
0.013	0.033	0.019	0.935
0.034	0.008	0.005	0.953
0.039	0.010	0.070	0.881
0.186	0.031	0.087	0.696
0.856	0.031	0.021	0.092
0.947	0.015	0.008	0.030
0.941	0.023	0.008	0.028
0.761	0.045	0.059	0.135
>AGACGGCCATTA	11-AGACGGCCATTA	13.415262	-24.128914	0	T:9.0(0.08%),B:0.0(0.00%),P:1e-10	Tpos:93.2,Tstd:57.8,Bpos:0.0,Bstd:0.0,StrandBias:0.7,Multiplicity:1.44
0.997	0.001	0.001	0.001
0.001	0.079	0.919	0.001
0.919	0.001	0.001	0.079
0.001	0.727	0.079	0.193
0.001	0.001	0.997	0.001
0.001	0.001	0.997	0.001
0.001	0.997	0.001	0.001
0.001	0.997	0.001	0.001
0.997	0.001	0.001	0.001
0.001	0.001	0.001	0.997
0.001	0.001	0.079	0.919
0.841	0.079	0.079	0.001
>CCGCWGGAGGGG	12-CCGCWGGAGGGG	13.701228	-21.596815	0	T:13.0(0.11%),B:4.6(0.01%),P:1e-9	Tpos:110.0,Tstd:53.5,Bpos:83.7,Bstd:36.9,StrandBias:2.4,Multiplicity:1.46
0.001	0.603	0.001	0.395
0.001	0.997	0.001	0.001
0.001	0.001	0.997	0.001
0.001	0.997	0.001	0.001
0.527	0.001	0.001	0.471
0.001	0.001	0.997	0.001
0.193	0.001	0.805	0.001
0.997	0.001	0.001	0.001
0.001	0.001	0.997	0.001
0.001	0.001	0.997	0.001
0.325	0.001	0.673	0.001
0.001	0.001	0.997	0.001
>NACCATCATCAN	13-NACCATCATCAN	9.837137	-20.698668	0	T:8.0(0.07%),B:1.8(0.00%),P:1e-8	Tpos:121.3,Tstd:46.1,Bpos:86.0,Bstd:3.8,StrandBias:1.7,Multiplicity:1.62
0.233	0.320	0.221	0.226
0.619	0.135	0.112	0.134
0.137	0.604	0.124	0.135
0.140	0.660	0.078	0.122
0.650	0.129	0.082	0.139
0.127	0.118	0.114	0.641
0.121	0.626	0.131	0.122
0.654	0.134	0.075	0.137
0.134	0.127	0.129	0.610
0.121	0.632	0.126	0.121
0.659	0.123	0.077	0.141
0.230	0.326	0.218	0.226
>CTCCTCCCCTAG	14-CTCCTCCCCTAG	12.717314	-20.124728	0	T:22.0(0.19%),B:15.9(0.04%),P:1e-8	Tpos:89.2,Tstd:44.9,Bpos:77.0,Bstd:65.1,StrandBias:0.8,Multiplicity:1.27
0.081	0.917	0.001	0.001
0.033	0.001	0.001	0.965
0.001	0.997	0.001	0.001
0.001	0.965	0.001	0.033
0.001	0.001	0.001	0.997
0.001	0.965	0.001	0.033
0.001	0.905	0.001	0.093
0.001	0.997	0.001	0.001
0.033	0.933	0.033	0.001
0.001	0.001	0.001	0.997
0.848	0.001	0.150	0.001
0.001	0.001	0.997	0.001
>ACAAAACCCTCC	15-ACAAAACCCTCC	13.774354	-19.743111	0	T:11.0(0.10%),B:4.0(0.01%),P:1e-8	Tpos:93.8,Tstd:55.6,Bpos:98.4,Bstd:81.2,StrandBias:-0.7,Multiplicity:1.45
0.617	0.001	0.001	0.381
0.001	0.997	0.001	0.001
0.997	0.001	0.001	0.001
0.997	0.001	0.001	0.001
0.997	0.001	0.001	0.001
0.997	0.001	0.001	0.001
0.001	0.997	0.001	0.001
0.001	0.997	0.001	0.001
0.001	0.997	0.001	0.001
0.250	0.001	0.001	0.748
0.381	0.617	0.001	0.001
0.001	0.997	0.001	0.001
>ACACCTCACAGT	16-ACACCTCACAGT	12.879472	-18.152630	0	T:9.0(0.08%),B:2.2(0.01%),P:1e-7	Tpos:93.4,Tstd:49.8,Bpos:190.1,Bstd:3.5,StrandBias:-2.6,Multiplicity:2.33
0.997	0.001	0.001	0.001
0.001	0.740	0.258	0.001
0.599	0.130	0.141	0.130
0.001	0.997	0.001	0.001
0.001	0.997	0.001	0.001
0.001	0.001	0.001	0.997
0.001	0.997	0.001	0.001
0.997	0.001	0.001	0.001
0.129	0.869	0.001	0.001
0.997	0.001	0.001	0.001
0.001	0.001	0.869	0.129
0.001	0.001	0.129	0.869
>TCGTATCTATCC	17-TCGTATCTATCC	13.448442	-17.385455	0	T:7.0(0.06%),B:1.1(0.00%),P:1e-7	Tpos:103.8,Tstd:52.8,Bpos:143.0,Bstd:0.0,StrandBias:-2.6,Multiplicity:2.00
0.001	0.001	0.001	0.997
0.291	0.707	0.001	0.001
0.001	0.001	0.997	0.001
0.001	0.001	0.001	0.997
0.997	0.001	0.001	0.001
0.001	0.001	0.001	0.997
0.001	0.824	0.174	0.001
0.001	0.001	0.001	0.997
0.824	0.001	0.001	0.174
0.001	0.001	0.349	0.649
0.001	0.997	0.001	0.001
0.001	0.641	0.001	0.357
>TATTCTCCTACA	18-TATTCTCCTACA	13.285456	-15.412079	0	T:8.0(0.07%),B:2.9(0.01%),P:1e-6	Tpos:103.6,Tstd:46.2,Bpos:92.7,Bstd:55.1,StrandBias:2.8,Multiplicity:2.00
0.001	0.001	0.001	0.997
0.957	0.041	0.001	0.001
0.001	0.001	0.001	0.997
0.001	0.001	0.001	0.997
0.001	0.997	0.001	0.001
0.001	0.001	0.001	0.997
0.041	0.957	0.001	0.001
0.001	0.997	0.001	0.001
0.001	0.001	0.001	0.997
0.957	0.001	0.001	0.041
0.001	0.997	0.001	0.001
0.957	0.001	0.001	0.041
>CAYACAGCACAC	19-CAYACAGCACAC	11.867702	-13.910872	0	T:18.0(0.16%),B:15.8(0.04%),P:1e-6	Tpos:93.9,Tstd:56.7,Bpos:101.0,Bstd:56.1,StrandBias:-0.8,Multiplicity:1.67
0.039	0.884	0.076	0.001
0.714	0.078	0.039	0.169
0.038	0.532	0.001	0.429
0.922	0.001	0.038	0.039
0.038	0.647	0.005	0.310
0.831	0.130	0.001	0.038
0.001	0.381	0.617	0.001
0.038	0.648	0.001	0.313
0.920	0.040	0.038	0.002
0.158	0.762	0.004	0.076
0.918	0.043	0.001	0.038
0.001	0.957	0.001	0.041
>AGGGAGGCAGTG	20-AGGGAGGCAGTG	13.721136	-13.910872	0	T:18.0(0.16%),B:15.2(0.04%),P:1e-6	Tpos:99.3,Tstd:54.3,Bpos:77.0,Bstd:54.9,StrandBias:-1.1,Multiplicity:1.56
0.968	0.001	0.030	0.001
0.001	0.001	0.997	0.001
0.001	0.001	0.997	0.001
0.118	0.001	0.850	0.031
0.997	0.001	0.001	0.001
0.001	0.001	0.830	0.168
0.001	0.001	0.997	0.001
0.001	0.997	0.001	0.001
0.586	0.001	0.001	0.412
0.001	0.001	0.997	0.001
0.001	0.001	0.001	0.997
0.001	0.001	0.997	0.001
>GGGGGCAMAAAG	21-GGGGGCAMAAAG	14.248839	-12.625149	0	T:10.0(0.09%),B:6.0(0.02%),P:1e-5	Tpos:103.0,Tstd:55.4,Bpos:129.3,Bstd:48.4,StrandBias:1.4,Multiplicity:1.80
0.001	0.001	0.997	0.001
0.001	0.001	0.997	0.001
0.010	0.017	0.972	0.001
0.001	0.001	0.997	0.001
0.001	0.001	0.997	0.001
0.001	0.997	0.001	0.001
0.997	0.001	0.001	0.001
0.478	0.367	0.001	0.154
0.997	0.001	0.001	0.001
0.997	0.001	0.001	0.001
0.997	0.001	0.001	0.001
0.367	0.001	0.631	0.001
>CATCGAATGGAA	22-CATCGAATGGAA	13.326902	-11.176305	0	T:5.0(0.04%),B:0.9(0.00%),P:1e-4	Tpos:109.9,Tstd:39.9,Bpos:51.0,Bstd:0.0,StrandBias:3.3,Multiplicity:2.20
0.204	0.794	0.001	0.001
0.915	0.001	0.083	0.001
0.001	0.001	0.001	0.997
0.001	0.915	0.001	0.083
0.001	0.204	0.794	0.001
0.997	0.001	0.001	0.001
0.997	0.001	0.001	0.001
0.083	0.001	0.001	0.915
0.001	0.001	0.997	0.001
0.083	0.001	0.915	0.001
0.997	0.001	0.001	0.001
0.831	0.084	0.084	0.001
>DGAGTAGGGGAN	23-DGAGTAGGGGAN	9.613440	-11.176305	0	T:5.0(0.04%),B:2.0(0.01%),P:1e-4	Tpos:94.3,Tstd:66.3,Bpos:98.6,Bstd:69.3,StrandBias:-1.4,Multiplicity:2.20
0.251	0.146	0.265	0.338
0.125	0.123	0.656	0.096
0.641	0.087	0.142	0.130
0.122	0.114	0.660	0.104
0.156	0.168	0.169	0.507
0.601	0.105	0.152	0.142
0.138	0.077	0.664	0.121
0.134	0.073	0.680	0.113
0.136	0.068	0.669	0.127
0.124	0.122	0.666	0.088
0.618	0.130	0.136	0.116
0.245	0.300	0.251	0.204
>GCTGCAGAGTCA	24-GCTGCAGAGTCA	13.569057	-8.108802	0	T:6.0(0.05%),B:3.6(0.01%),P:1e-3	Tpos:69.5,Tstd:53.5,Bpos:107.8,Bstd:21.1,StrandBias:3.5,Multiplicity:2.00
0.001	0.001	0.997	0.001
0.001	0.997	0.001	0.001
0.001	0.001	0.001	0.997
0.001	0.055	0.889	0.055
0.001	0.944	0.054	0.001
0.997	0.001	0.001	0.001
0.001	0.001	0.997	0.001
0.997	0.001	0.001	0.001
0.001	0.001	0.997	0.001
0.001	0.001	0.001	0.997
0.001	0.997	0.001	0.001
0.997	0.001	0.001	0.001
>ACAGGCTGGAGG	25-ACAGGCTGGAGG	12.355432	-5.785316	0	T:4.0(0.04%),B:2.3(0.01%),P:1e-2	Tpos:114.6,Tstd:59.5,Bpos:20.5,Bstd:3.8,StrandBias:10.0,Multiplicity:2.75
0.700	0.100	0.100	0.100
0.100	0.700	0.100	0.100
0.700	0.100	0.100	0.100
0.100	0.100	0.700	0.100
0.100	0.100	0.700	0.100
0.100	0.700	0.100	0.100
0.100	0.100	0.100	0.700
0.100	0.100	0.700	0.100
0.100	0.100	0.700	0.100
0.700	0.100	0.100	0.100
0.100	0.100	0.700	0.100
0.100	0.100	0.700	0.100
>TATTATCC	1-TATTATCC	7.256887	-26.515260	0	T:535.0(4.72%),B:1345.1(3.47%),P:1e-11	Tpos:97.7,Tstd:54.8,Bpos:98.9,Bstd:56.9,StrandBias:0.1,Multiplicity:1.08
0.118	0.057	0.035	0.790
0.929	0.037	0.033	0.001
0.088	0.069	0.001	0.842
0.001	0.001	0.001	0.997
0.786	0.131	0.048	0.035
0.001	0.081	0.055	0.863
0.062	0.858	0.001	0.079
0.001	0.988	0.010	0.001
>CGGCTCGG	2-CGGCTCGG	7.733480	-24.680672	0	T:201.0(1.77%),B:415.7(1.07%),P:1e-10	Tpos:101.1,Tstd:54.8,Bpos:101.4,Bstd:53.2,StrandBias:0.1,Multiplicity:1.04
0.022	0.976	0.001	0.001
0.034	0.041	0.887	0.038
0.081	0.036	0.856	0.027
0.094	0.904	0.001	0.001
0.015	0.034	0.055	0.896
0.001	0.934	0.064	0.001
0.178	0.001	0.820	0.001
0.001	0.144	0.801	0.054
>MSGCGTGA	3-MSGCGTGA	5.137075	-19.503549	0	T:1734.0(15.31%),B:5193.1(13.41%),P:1e-8	Tpos:99.1,Tstd:54.9,Bpos:99.4,Bstd:55.9,StrandBias:0.2,Multiplicity:1.15
0.322	0.398	0.232	0.047
0.201	0.323	0.447	0.029
0.001	0.150	0.635	0.214
0.064	0.819	0.001	0.116
0.104	0.001	0.894	0.001
0.016	0.001	0.041	0.942
0.195	0.001	0.712	0.092
0.895	0.103	0.001	0.001
>GATGTATT	4-GATGTATT	7.044056	-18.850546	0	T:636.0(5.61%),B:1729.3(4.47%),P:1e-8	Tpos:101.3,Tstd:55.5,Bpos:98.9,Bstd:56.0,StrandBias:0.0,Multiplicity:1.07
0.001	0.127	0.871	0.001
0.859	0.074	0.043	0.024
0.025	0.001	0.040	0.934
0.001	0.051	0.891	0.057
0.054	0.023	0.107	0.816
0.729	0.030	0.001	0.240
0.001	0.052	0.001	0.946
0.001	0.001	0.001	0.997
>TCGCTAGG	5-TCGCTAGG	8.445358	-18.328231	0	T:192.0(1.69%),B:426.2(1.10%),P:1e-7	Tpos:98.9,Tstd:55.7,Bpos:102.8,Bstd:55.0,StrandBias:-0.1,Multiplicity:1.03
0.011	0.001	0.001	0.987
0.001	0.764	0.001	0.234
0.001	0.232	0.766	0.001
0.251	0.546	0.001	0.202
0.001	0.001	0.001	0.997
0.805	0.193	0.001	0.001
0.001	0.001	0.997	0.001
0.001	0.001	0.929	0.069
>TCTCTCTG	6-TCTCTCTG	6.565681	-17.776917	0	T:2882.0(25.44%),B:8995.4(23.23%),P:1e-7	Tpos:101.6,Tstd:55.0,Bpos:101.0,Bstd:57.6,StrandBias:-0.0,Multiplicity:1.20
0.145	0.108	0.003	0.744
0.001	0.847	0.094	0.058
0.284	0.076	0.001	0.639
0.001	0.904	0.049	0.046
0.106	0.111	0.001	0.782
0.001	0.822	0.072	0.105
0.001	0.001	0.001	0.997
0.055	0.001	0.913	0.031
>CGGTCTAY	7-CGGTCTAY	6.360719	-16.596930	0	T:484.0(4.27%),B:1293.7(3.34%),P:1e-7	Tpos:101.2,Tstd:55.1,Bpos:100.6,Bstd:54.3,StrandBias:0.1,Multiplicity:1.03
0.001	0.817	0.117	0.065
0.099	0.001	0.695	0.205
0.006	0.010	0.709	0.275
0.001	0.001	0.369	0.629
0.211	0.787	0.001	0.001
0.034	0.001	0.075	0.890
0.937	0.001	0.061	0.001
0.045	0.371	0.139	0.446
>TTTAATTA	8-TTTAATTA	6.627856	-14.919058	0	T:1519.0(13.41%),B:4595.6(11.87%),P:1e-6	Tpos:99.6,Tstd:55.4,Bpos:100.4,Bstd:56.1,StrandBias:-0.0,Multiplicity:1.15
0.208	0.001	0.001	0.790
0.001	0.001	0.131	0.867
0.001	0.021	0.001	0.977
0.520	0.117	0.362	0.001
0.601	0.068	0.235	0.096
0.001	0.001	0.002	0.996
0.003	0.001	0.223	0.773
0.681	0.148	0.106	0.065
>TCATSTGA	9-TCATSTGA	7.800293	-13.658939	0	T:307.0(2.71%),B:793.3(2.05%),P:1e-5	Tpos:93.8,Tstd:54.8,Bpos:94.7,Bstd:56.1,StrandBias:-0.2,Multiplicity:1.04
0.001	0.001	0.116	0.882
0.001	0.997	0.001	0.001
0.997	0.001	0.001	0.001
0.001	0.001	0.001	0.997
0.001	0.515	0.483	0.001
0.001	0.365	0.001	0.633
0.001	0.001	0.997	0.001
0.997	0.001	0.001	0.001
>CCCCGRGG	10-CCCCGRGG	6.362058	-13.173446	0	T:1985.0(17.52%),B:6160.1(15.91%),P:1e-5	Tpos:99.2,Tstd:55.5,Bpos:101.6,Bstd:55.1,StrandBias:0.0,Multiplicity:1.24
0.001	0.997	0.001	0.001
0.002	0.996	0.001	0.001
0.001	0.803	0.195	0.001
0.001	0.741	0.001	0.257
0.001	0.144	0.776	0.079
0.396	0.001	0.380	0.223
0.001	0.348	0.650	0.001
0.216	0.112	0.671	0.001
>GGTCCTMG	11-GGTCCTMG	7.284817	-13.086602	0	T:436.0(3.85%),B:1189.8(3.07%),P:1e-5	Tpos:101.6,Tstd:55.8,Bpos:101.7,Bstd:55.0,StrandBias:0.1,Multiplicity:1.04
0.001	0.001	0.862	0.136
0.001	0.001	0.891	0.107
0.076	0.239	0.001	0.684
0.075	0.923	0.001	0.001
0.080	0.852	0.001	0.067
0.074	0.100	0.001	0.825
0.525	0.473	0.001	0.001
0.001	0.138	0.860	0.001
>GTGCAATC	12-GTGCAATC	9.029950	-12.901610	0	T:106.0(0.94%),B:224.4(0.58%),P:1e-5	Tpos:106.0,Tstd:50.4,Bpos:101.3,Bstd:58.6,StrandBias:0.0,Multiplicity:1.00
0.001	0.001	0.997	0.001
0.001	0.001	0.001	0.997
0.293	0.001	0.705	0.001
0.001	0.997	0.001	0.001
0.997	0.001	0.001	0.001
0.997	0.001	0.001	0.001
0.001	0.184	0.001	0.814
0.001	0.997	0.001	0.001
>GCAACTCC	13-GCAACTCC	9.172363	-12.640415	0	T:237.0(2.09%),B:597.0(1.54%),P:1e-5	Tpos:102.1,Tstd:56.8,Bpos:98.0,Bstd:55.8,StrandBias:0.0,Multiplicity:1.01
0.001	0.001	0.997	0.001
0.227	0.771	0.001	0.001
0.997	0.001	0.001	0.001
0.997	0.001	0.001	0.001
0.001	0.997	0.001	0.001
0.001	0.001	0.001	0.997
0.001	0.997	0.001	0.001
0.001	0.804	0.001	0.194
>TGTTSCGT	14-TGTTSCGT	7.757263	-12.598108	0	T:169.0(1.49%),B:400.6(1.03%),P:1e-5	Tpos:106.5,Tstd:56.6,Bpos:96.8,Bstd:54.2,StrandBias:0.0,Multiplicity:1.01
0.001	0.001	0.001	0.997
0.001	0.001	0.997	0.001
0.001	0.001	0.001	0.997
0.306	0.001	0.001	0.692
0.001	0.447	0.551	0.001
0.001	0.997	0.001	0.001
0.001	0.001	0.903	0.095
0.001	0.001	0.001	0.997
>GACTTGGT	15-GACTTGGT	8.236954	-12.388992	0	T:88.0(0.78%),B:179.2(0.46%),P:1e-5	Tpos:106.8,Tstd:54.9,Bpos:103.6,Bstd:55.2,StrandBias:0.5,Multiplicity:1.00
0.100	0.100	0.700	0.100
0.700	0.100	0.100	0.100
0.100	0.700	0.100	0.100
0.100	0.100	0.100	0.700
0.100	0.100	0.100	0.700
0.100	0.100	0.700	0.100
0.100	0.100	0.700	0.100
0.100	0.100	0.100	0.700
>TATTCGCC	16-TATTCGCC	8.236954	-12.333932	0	T:15.0(0.13%),B:12.8(0.03%),P:1e-5	Tpos:125.5,Tstd:52.1,Bpos:98.3,Bstd:37.3,StrandBias:0.2,Multiplicity:1.00
0.100	0.100	0.100	0.700
0.700	0.100	0.100	0.100
0.100	0.100	0.100	0.700
0.100	0.100	0.100	0.700
0.100	0.700	0.100	0.100
0.100	0.100	0.700	0.100
0.100	0.700	0.100	0.100
0.100	0.700	0.100	0.100
>ATCTGATT	17-ATCTGATT	9.838321	-12.277776	0	T:165.0(1.46%),B:391.8(1.01%),P:1e-5	Tpos:97.3,Tstd:52.6,Bpos:100.3,Bstd:57.9,StrandBias:0.3,Multiplicity:1.02
0.997	0.001	0.001	0.001
0.001	0.001	0.001	0.997
0.292	0.706	0.001	0.001
0.001	0.001	0.001	0.997
0.001	0.001	0.997	0.001
0.997	0.001	0.001	0.001
0.001	0.001	0.001	0.997
0.001	0.001	0.001	0.997
>GCAACCAA	18-GCAACCAA	8.236954	-11.127981	0	T:68.0(0.60%),B:133.2(0.34%),P:1e-4	Tpos:101.8,Tstd:54.1,Bpos:96.2,Bstd:57.1,StrandBias:0.2,Multiplicity:1.00
0.100	0.100	0.700	0.100
0.100	0.700	0.100	0.100
0.700	0.100	0.100	0.100
0.700	0.100	0.100	0.100
0.100	0.700	0.100	0.100
0.100	0.700	0.100	0.100
0.700	0.100	0.100	0.100
0.700	0.100	0.100	0.100
>ACCGACGA	19-ACCGACGA	8.236954	-10.687509	0	T:9.0(0.08%),B:5.9(0.02%),P:1e-4	Tpos:144.3,Tstd:45.0,Bpos:125.6,Bstd:58.4,StrandBias:1.0,Multiplicity:1.00
0.700	0.100	0.100	0.100
0.100	0.700	0.100	0.100
0.100	0.700	0.100	0.100
0.100	0.100	0.700	0.100
0.700	0.100	0.100	0.100
0.100	0.700	0.100	0.100
0.100	0.100	0.700	0.100
0.700	0.100	0.100	0.100
>CAGCGTGC	20-CAGCGTGC	6.183375	-7.482987	0	T:1171.0(10.34%),B:3650.7(9.43%),P:1e-3	Tpos:99.7,Tstd:56.0,Bpos:100.3,Bstd:56.7,StrandBias:0.1,Multiplicity:1.11
0.078	0.822	0.078	0.022
0.695	0.109	0.066	0.130
0.077	0.100	0.708	0.115
0.086	0.765	0.057	0.092
0.047	0.115	0.753	0.085
0.090	0.083	0.082	0.745
0.083	0.114	0.705	0.098
0.033	0.811	0.075	0.081
>CGGCTTTT	21-CGGCTTTT	9.513425	-6.062217	0	T:61.0(0.54%),B:141.9(0.37%),P:1e-2	Tpos:95.2,Tstd:58.0,Bpos:106.7,Bstd:54.3,StrandBias:0.0,Multiplicity:1.25
0.001	0.997	0.001	0.001
0.001	0.001	0.997	0.001
0.001	0.001	0.997	0.001
0.211	0.787	0.001	0.001
0.001	0.001	0.001	0.997
0.001	0.001	0.001	0.997
0.001	0.001	0.001	0.997
0.001	0.001	0.001	0.997
