>CTGTCCTG	1-CTGTCCTG	5.878237	-178.213492	0	T:23350.0(44.26%),B:21378.3(40.25%),P:1e-77	Tpos:100.2,Tstd:55.9,Bpos:100.7,Bstd:63.6,StrandBias:-0.0,Multiplicity:1.45
0.070	0.833	0.059	0.038
0.132	0.091	0.044	0.733
0.096	0.063	0.814	0.027
0.040	0.291	0.111	0.558
0.076	0.662	0.187	0.075
0.007	0.946	0.010	0.037
0.078	0.103	0.057	0.762
0.062	0.199	0.697	0.042
>TRCACNGT	2-TRCACNGT	5.368688	-114.475203	0	T:14834.0(28.12%),B:13419.6(25.27%),P:1e-49	Tpos:100.2,Tstd:55.8,Bpos:101.2,Bstd:62.7,StrandBias:0.0,Multiplicity:1.20
0.199	0.107	0.001	0.693
0.353	0.100	0.471	0.076
0.001	0.732	0.080	0.187
0.850	0.129	0.001	0.020
0.001	0.997	0.001	0.001
0.213	0.304	0.248	0.236
0.105	0.128	0.766	0.001
0.026	0.001	0.352	0.621
>GACTGCAC	3-GACTGCAC	4.796768	-100.476217	0	T:22958.0(43.52%),B:21525.9(40.53%),P:1e-43	Tpos:99.9,Tstd:56.2,Bpos:100.4,Bstd:62.1,StrandBias:-0.0,Multiplicity:1.23
0.038	0.129	0.772	0.061
0.627	0.131	0.127	0.115
0.104	0.800	0.057	0.039
0.069	0.087	0.070	0.774
0.144	0.042	0.713	0.101
0.082	0.782	0.054	0.082
0.736	0.089	0.041	0.134
0.071	0.800	0.069	0.060
>CACTGTCC	4-CACTGTCC	6.592840	-97.801942	0	T:9083.0(17.22%),B:7987.0(15.04%),P:1e-42	Tpos:99.8,Tstd:55.8,Bpos:99.7,Bstd:63.5,StrandBias:0.0,Multiplicity:1.11
0.029	0.920	0.001	0.050
0.724	0.105	0.014	0.157
0.043	0.716	0.213	0.028
0.080	0.001	0.001	0.918
0.059	0.001	0.921	0.019
0.001	0.001	0.021	0.977
0.012	0.917	0.053	0.018
0.001	0.978	0.001	0.020
>AGSAGAGC	5-AGSAGAGC	5.827487	-97.608422	0	T:21972.0(41.65%),B:20567.7(38.73%),P:1e-42	Tpos:100.5,Tstd:56.0,Bpos:100.3,Bstd:61.4,StrandBias:-0.0,Multiplicity:1.25
0.698	0.001	0.061	0.240
0.029	0.001	0.844	0.126
0.158	0.397	0.443	0.001
0.906	0.001	0.092	0.001
0.130	0.228	0.419	0.222
0.854	0.001	0.144	0.001
0.001	0.078	0.920	0.001
0.048	0.785	0.160	0.007
>GGGTGGCC	6-GGGTGGCC	5.685817	-90.068606	0	T:15852.0(30.05%),B:14587.3(27.47%),P:1e-39	Tpos:100.2,Tstd:55.7,Bpos:99.8,Bstd:62.8,StrandBias:-0.0,Multiplicity:1.23
0.049	0.058	0.857	0.036
0.146	0.015	0.817	0.022
0.070	0.136	0.778	0.016
0.061	0.001	0.001	0.937
0.001	0.022	0.976	0.001
0.113	0.063	0.784	0.040
0.001	0.997	0.001	0.001
0.022	0.976	0.001	0.001
>ACCCGTGG	7-ACCCGTGG	7.210032	-66.051489	0	T:4008.0(7.60%),B:3384.9(6.37%),P:1e-28	Tpos:99.1,Tstd:55.9,Bpos:102.1,Bstd:60.2,StrandBias:0.0,Multiplicity:1.05
0.729	0.106	0.047	0.118
0.058	0.725	0.050	0.167
0.001	0.997	0.001	0.001
0.019	0.979	0.001	0.001
0.166	0.078	0.712	0.044
0.001	0.001	0.019	0.979
0.001	0.001	0.981	0.017
0.001	0.016	0.947	0.036
>TGCATGGA	8-TGCATGGA	4.658395	-56.440887	0	T:20688.0(39.21%),B:19670.5(37.04%),P:1e-24	Tpos:100.2,Tstd:55.8,Bpos:100.1,Bstd:61.5,StrandBias:0.0,Multiplicity:1.31
0.100	0.105	0.043	0.752
0.072	0.022	0.774	0.132
0.074	0.622	0.124	0.180
0.770	0.034	0.097	0.099
0.055	0.083	0.067	0.795
0.214	0.072	0.624	0.090
0.087	0.015	0.853	0.045
0.812	0.065	0.069	0.054
>GAGCCAWC	9-GAGCCAWC	5.673859	-53.586858	0	T:18013.0(34.14%),B:17044.5(32.09%),P:1e-23	Tpos:100.3,Tstd:56.0,Bpos:100.1,Bstd:61.3,StrandBias:0.0,Multiplicity:1.21
0.001	0.001	0.995	0.003
0.751	0.102	0.099	0.048
0.074	0.075	0.850	0.001
0.001	0.734	0.194	0.071
0.001	0.955	0.001	0.043
0.486	0.208	0.122	0.184
0.271	0.253	0.061	0.415
0.034	0.811	0.154	0.001
>CCCKGGGA	10-CCCKGGGA	8.431373	-46.596330	0	T:4198.0(7.96%),B:3667.1(6.90%),P:1e-20	Tpos:99.1,Tstd:56.0,Bpos:100.4,Bstd:59.8,StrandBias:0.1,Multiplicity:1.04
0.001	0.997	0.001	0.001
0.212	0.611	0.001	0.176
0.001	0.997	0.001	0.001
0.001	0.001	0.563	0.435
0.001	0.001	0.838	0.160
0.001	0.001	0.997	0.001
0.001	0.001	0.997	0.001
0.917	0.001	0.001	0.081
>AGCCCGGC	11-AGCCCGGC	7.580717	-42.468549	0	T:5810.0(11.01%),B:5227.5(9.84%),P:1e-18	Tpos:99.2,Tstd:56.0,Bpos:101.0,Bstd:60.0,StrandBias:0.0,Multiplicity:1.10
0.864	0.071	0.044	0.021
0.001	0.001	0.997	0.001
0.001	0.910	0.088	0.001
0.001	0.882	0.074	0.043
0.001	0.788	0.112	0.099
0.089	0.063	0.847	0.001
0.016	0.001	0.982	0.001
0.001	0.834	0.099	0.066
>GAACAWAW	12-GAACAWAW	6.415084	-40.114118	0	T:4106.0(7.78%),B:3621.2(6.82%),P:1e-17	Tpos:100.8,Tstd:55.4,Bpos:99.7,Bstd:57.4,StrandBias:-0.1,Multiplicity:1.06
0.133	0.001	0.764	0.102
0.962	0.001	0.001	0.036
0.756	0.127	0.001	0.116
0.100	0.898	0.001	0.001
0.760	0.077	0.001	0.162
0.399	0.001	0.141	0.459
0.859	0.049	0.001	0.091
0.427	0.001	0.269	0.303
>CSATRCTC	13-CSATRCTC	7.342935	-37.918797	0	T:4580.0(8.68%),B:4086.1(7.69%),P:1e-16	Tpos:100.9,Tstd:55.7,Bpos:101.2,Bstd:61.6,StrandBias:0.0,Multiplicity:1.06
0.001	0.850	0.001	0.148
0.001	0.472	0.526	0.001
0.655	0.343	0.001	0.001
0.001	0.171	0.001	0.827
0.537	0.001	0.461	0.001
0.001	0.997	0.001	0.001
0.001	0.001	0.001	0.997
0.015	0.983	0.001	0.001
>GTTTTAAA	14-GTTTTAAA	6.672302	-37.264240	0	T:2317.0(4.39%),B:1961.2(3.69%),P:1e-16	Tpos:100.6,Tstd:54.5,Bpos:99.9,Bstd:54.3,StrandBias:-0.0,Multiplicity:1.05
0.082	0.001	0.843	0.074
0.001	0.079	0.112	0.808
0.001	0.001	0.030	0.968
0.030	0.001	0.019	0.950
0.039	0.001	0.001	0.959
0.936	0.062	0.001	0.001
0.848	0.001	0.119	0.032
0.816	0.001	0.029	0.154
>BCGTTAAT	15-BCGTTAAT	7.215777	-32.476869	0	T:359.0(0.68%),B:234.4(0.44%),P:1e-14	Tpos:98.9,Tstd:56.9,Bpos:100.7,Bstd:53.2,StrandBias:0.0,Multiplicity:1.01
0.001	0.304	0.371	0.324
0.001	0.835	0.163	0.001
0.091	0.001	0.907	0.001
0.001	0.001	0.001	0.997
0.001	0.001	0.401	0.597
0.735	0.124	0.140	0.001
0.997	0.001	0.001	0.001
0.001	0.194	0.001	0.804
>TTAAATGA	16-TTAAATGA	5.107307	-30.701522	0	T:8330.0(15.79%),B:7770.0(14.63%),P:1e-13	Tpos:99.6,Tstd:55.5,Bpos:100.2,Bstd:58.0,StrandBias:-0.0,Multiplicity:1.19
0.010	0.034	0.163	0.793
0.001	0.153	0.001	0.845
0.788	0.001	0.007	0.204
0.613	0.001	0.209	0.177
0.748	0.001	0.083	0.168
0.098	0.085	0.079	0.738
0.181	0.001	0.765	0.053
0.713	0.111	0.075	0.101
>ACATCGGW	17-ACATCGGW	6.811851	-29.014151	0	T:1481.0(2.81%),B:1231.2(2.32%),P:1e-12	Tpos:99.6,Tstd:56.8,Bpos:98.1,Bstd:57.4,StrandBias:-0.0,Multiplicity:1.03
0.594	0.297	0.108	0.001
0.168	0.830	0.001	0.001
0.957	0.001	0.041	0.001
0.001	0.001	0.001	0.997
0.001	0.997	0.001	0.001
0.001	0.154	0.844	0.001
0.143	0.001	0.855	0.001
0.351	0.107	0.093	0.449
>CATTCGAT	18-CATTCGAT	10.077769	-28.531078	0	T:77.0(0.15%),B:30.7(0.06%),P:1e-12	Tpos:90.6,Tstd:53.0,Bpos:110.9,Bstd:46.6,StrandBias:-0.7,Multiplicity:1.84
0.001	0.627	0.001	0.371
0.997	0.001	0.001	0.001
0.001	0.001	0.001	0.997
0.001	0.001	0.001	0.997
0.001	0.997	0.001	0.001
0.001	0.001	0.997	0.001
0.997	0.001	0.001	0.001
0.001	0.001	0.001	0.997
>GTTCAWGG	19-GTTCAWGG	6.692245	-21.301517	0	T:1461.0(2.77%),B:1251.9(2.36%),P:1e-9	Tpos:101.3,Tstd:56.2,Bpos:101.6,Bstd:59.6,StrandBias:0.2,Multiplicity:1.03
0.001	0.001	0.997	0.001
0.040	0.001	0.001	0.958
0.001	0.001	0.001	0.997
0.001	0.649	0.001	0.349
0.997	0.001	0.001	0.001
0.481	0.001	0.001	0.517
0.001	0.001	0.997	0.001
0.001	0.001	0.997	0.001
>GTGTAGGG	20-GTGTAGGG	7.047480	-20.808594	0	T:981.0(1.86%),B:811.1(1.53%),P:1e-9	Tpos:98.1,Tstd:57.2,Bpos:100.7,Bstd:59.0,StrandBias:0.1,Multiplicity:1.07
0.001	0.001	0.997	0.001
0.001	0.001	0.001	0.997
0.101	0.001	0.897	0.001
0.001	0.001	0.001	0.997
0.809	0.189	0.001	0.001
0.001	0.218	0.780	0.001
0.001	0.001	0.997	0.001
0.001	0.001	0.997	0.001
>GCCGCACC	21-GCCGCACC	8.757993	-18.861514	0	T:693.0(1.31%),B:558.9(1.05%),P:1e-8	Tpos:101.2,Tstd:57.5,Bpos:99.8,Bstd:51.8,StrandBias:-0.0,Multiplicity:1.03
0.001	0.001	0.997	0.001
0.001	0.997	0.001	0.001
0.001	0.997	0.001	0.001
0.001	0.001	0.997	0.001
0.142	0.856	0.001	0.001
0.997	0.001	0.001	0.001
0.001	0.997	0.001	0.001
0.143	0.696	0.001	0.160
>ATGGAATC	22-ATGGAATC	8.236954	-18.615231	0	T:262.0(0.50%),B:182.0(0.34%),P:1e-8	Tpos:96.4,Tstd:56.4,Bpos:99.5,Bstd:60.7,StrandBias:0.2,Multiplicity:1.19
0.700	0.100	0.100	0.100
0.100	0.100	0.100	0.700
0.100	0.100	0.700	0.100
0.100	0.100	0.700	0.100
0.700	0.100	0.100	0.100
0.700	0.100	0.100	0.100
0.100	0.100	0.100	0.700
0.100	0.700	0.100	0.100
>ATACTATA	23-ATACTATA	8.881117	-11.014384	0	T:212.0(0.40%),B:158.1(0.30%),P:1e-4	Tpos:99.6,Tstd:53.3,Bpos:85.7,Bstd:57.0,StrandBias:-0.2,Multiplicity:1.13
0.997	0.001	0.001	0.001
0.001	0.001	0.001	0.997
0.997	0.001	0.001	0.001
0.001	0.745	0.253	0.001
0.001	0.001	0.001	0.997
0.813	0.001	0.001	0.185
0.001	0.184	0.001	0.814
0.997	0.001	0.001	0.001
>GTTTAAAC	24-GTTTAAAC	8.236954	-10.839799	0	T:66.0(0.13%),B:38.0(0.07%),P:1e-4	Tpos:104.3,Tstd:53.3,Bpos:78.0,Bstd:40.0,StrandBias:0.0,Multiplicity:1.00
0.100	0.100	0.700	0.100
0.100	0.100	0.100	0.700
0.100	0.100	0.100	0.700
0.100	0.100	0.100	0.700
0.700	0.100	0.100	0.100
0.700	0.100	0.100	0.100
0.700	0.100	0.100	0.100
0.100	0.700	0.100	0.100
>ATATACCG	25-ATATACCG	8.236954	-5.222916	0	T:15.0(0.03%),B:7.2(0.01%),P:1e-2	Tpos:115.1,Tstd:52.6,Bpos:118.7,Bstd:27.3,StrandBias:0.8,Multiplicity:1.46
0.700	0.100	0.100	0.100
0.100	0.100	0.100	0.700
0.700	0.100	0.100	0.100
0.100	0.100	0.100	0.700
0.700	0.100	0.100	0.100
0.100	0.700	0.100	0.100
0.100	0.700	0.100	0.100
0.100	0.100	0.700	0.100
