>GSACAGCCCTGG	1-GSACAGCCCTGG	6.294040	-174.128591	0	T:19939.0(37.79%),B:18034.4(33.96%),P:1e-75	Tpos:100.3,Tstd:54.6,Bpos:101.2,Bstd:62.5,StrandBias:0.0,Multiplicity:1.37
0.124	0.043	0.745	0.088
0.027	0.425	0.534	0.014
0.445	0.278	0.079	0.198
0.047	0.796	0.139	0.018
0.780	0.031	0.055	0.134
0.028	0.109	0.812	0.051
0.063	0.678	0.155	0.104
0.089	0.731	0.082	0.098
0.052	0.862	0.023	0.063
0.198	0.055	0.062	0.685
0.027	0.027	0.887	0.059
0.075	0.168	0.664	0.093
>YCRAATGGARTC	2-YCRAATGGARTC	8.964297	-165.681511	0	T:54.0(0.10%),B:1.9(0.00%),P:1e-71	Tpos:101.0,Tstd:54.8,Bpos:137.9,Bstd:20.1,StrandBias:0.4,Multiplicity:1.46
0.178	0.285	0.183	0.354
0.202	0.479	0.070	0.249
0.446	0.030	0.460	0.064
0.691	0.058	0.072	0.179
0.706	0.021	0.027	0.246
0.058	0.021	0.229	0.692
0.078	0.013	0.827	0.082
0.021	0.390	0.560	0.029
0.681	0.031	0.037	0.251
0.264	0.183	0.372	0.181
0.259	0.239	0.037	0.465
0.040	0.677	0.049	0.234
>CTGCACAGTGCA	3-CTGCACAGTGCA	-5.628706	-100.918966	0	T:18274.0(34.64%),B:16882.4(31.79%),P:1e-43	Tpos:100.3,Tstd:54.7,Bpos:99.9,Bstd:62.1,StrandBias:-0.0,Multiplicity:1.27
0.001	0.997	0.001	0.001
0.001	0.001	0.001	0.997
0.001	0.173	0.825	0.001
0.001	0.997	0.001	0.001
0.997	0.001	0.001	0.001
0.001	0.997	0.001	0.001
0.673	0.001	0.001	0.325
0.001	0.325	0.673	0.001
0.001	0.001	0.001	0.997
0.001	0.001	0.997	0.001
0.001	0.997	0.001	0.001
0.997	0.001	0.001	0.001
>CTATACATGCAA	4-CTATACATGCAA	11.077636	-97.070180	0	T:44.0(0.08%),B:2.6(0.00%),P:1e-42	Tpos:100.6,Tstd:51.2,Bpos:97.3,Bstd:29.8,StrandBias:-0.1,Multiplicity:1.00
0.014	0.984	0.001	0.001
0.029	0.029	0.001	0.941
0.684	0.010	0.040	0.266
0.001	0.001	0.014	0.984
0.802	0.140	0.057	0.001
0.014	0.984	0.001	0.001
0.997	0.001	0.001	0.001
0.029	0.001	0.014	0.956
0.001	0.001	0.984	0.014
0.001	0.997	0.001	0.001
0.984	0.014	0.001	0.001
0.582	0.403	0.001	0.014
>TGAACGGGCCAT	5-TGAACGGGCCAT	10.579335	-87.840985	0	T:41.0(0.08%),B:2.8(0.01%),P:1e-38	Tpos:109.1,Tstd:43.2,Bpos:143.3,Bstd:10.6,StrandBias:-0.6,Multiplicity:1.00
0.117	0.055	0.082	0.746
0.048	0.063	0.856	0.033
0.741	0.102	0.106	0.051
0.542	0.147	0.224	0.087
0.212	0.513	0.075	0.200
0.169	0.037	0.654	0.140
0.086	0.014	0.805	0.095
0.034	0.130	0.795	0.041
0.087	0.706	0.075	0.132
0.043	0.886	0.010	0.061
0.650	0.211	0.033	0.106
0.010	0.094	0.069	0.827
>AGTTCCGTGCAT	6-AGTTCCGTGCAT	10.989740	-78.828489	0	T:38.0(0.07%),B:2.5(0.00%),P:1e-34	Tpos:101.4,Tstd:56.6,Bpos:112.3,Bstd:46.0,StrandBias:-0.6,Multiplicity:1.03
0.832	0.036	0.035	0.097
0.036	0.050	0.885	0.029
0.050	0.029	0.097	0.824
0.036	0.180	0.068	0.716
0.050	0.899	0.029	0.022
0.075	0.816	0.043	0.066
0.180	0.098	0.647	0.075
0.022	0.029	0.089	0.860
0.029	0.029	0.920	0.022
0.022	0.899	0.050	0.029
0.885	0.014	0.051	0.050
0.043	0.051	0.075	0.831
>ATTCCATTCGAT	7-ATTCCATTCGAT	13.031506	-65.701050	0	T:27.0(0.05%),B:1.9(0.00%),P:1e-28	Tpos:91.6,Tstd:55.8,Bpos:125.1,Bstd:31.3,StrandBias:-1.1,Multiplicity:2.67
0.997	0.001	0.001	0.001
0.001	0.001	0.001	0.997
0.001	0.001	0.001	0.997
0.001	0.997	0.001	0.001
0.001	0.492	0.190	0.317
0.997	0.001	0.001	0.001
0.001	0.001	0.001	0.997
0.001	0.001	0.001	0.997
0.001	0.997	0.001	0.001
0.092	0.142	0.709	0.057
0.997	0.001	0.001	0.001
0.001	0.001	0.001	0.997
>TATCTATACCTA	8-TATCTATACCTA	10.613050	-55.991698	0	T:30.0(0.06%),B:2.8(0.01%),P:1e-24	Tpos:100.0,Tstd:58.1,Bpos:106.1,Bstd:46.9,StrandBias:-0.3,Multiplicity:1.13
0.023	0.060	0.031	0.886
0.726	0.114	0.092	0.068
0.045	0.061	0.038	0.856
0.015	0.886	0.046	0.053
0.054	0.038	0.023	0.885
0.833	0.054	0.083	0.030
0.068	0.046	0.060	0.826
0.780	0.061	0.069	0.090
0.030	0.885	0.046	0.039
0.046	0.878	0.015	0.061
0.046	0.114	0.015	0.825
0.752	0.121	0.075	0.052
>CCTCAGAGCGAC	9-CCTCAGAGCGAC	13.691180	-54.354915	0	T:34.0(0.06%),B:3.5(0.01%),P:1e-23	Tpos:105.7,Tstd:46.4,Bpos:126.4,Bstd:32.6,StrandBias:-0.5,Multiplicity:1.00
0.001	0.859	0.001	0.139
0.002	0.996	0.001	0.001
0.139	0.001	0.001	0.859
0.001	0.997	0.001	0.001
0.995	0.001	0.002	0.002
0.002	0.001	0.996	0.001
0.997	0.001	0.001	0.001
0.001	0.001	0.859	0.139
0.001	0.997	0.001	0.001
0.001	0.287	0.711	0.001
0.859	0.001	0.001	0.139
0.001	0.859	0.139	0.001
>TCCGTTCATTGA	10-TCCGTTCATTGA	10.227618	-53.274197	0	T:29.0(0.05%),B:2.7(0.01%),P:1e-23	Tpos:104.2,Tstd:50.3,Bpos:145.7,Bstd:28.2,StrandBias:0.0,Multiplicity:1.00
0.068	0.031	0.053	0.848
0.031	0.786	0.088	0.095
0.060	0.778	0.088	0.074
0.074	0.056	0.802	0.068
0.023	0.081	0.038	0.858
0.030	0.082	0.053	0.835
0.023	0.846	0.086	0.045
0.866	0.089	0.030	0.015
0.064	0.082	0.068	0.786
0.038	0.045	0.053	0.864
0.045	0.102	0.845	0.008
0.902	0.045	0.008	0.045
>ATAAGCCACGGA	11-ATAAGCCACGGA	11.230359	-50.590455	0	T:28.0(0.05%),B:2.4(0.00%),P:1e-21	Tpos:96.4,Tstd:51.0,Bpos:130.3,Bstd:53.6,StrandBias:0.1,Multiplicity:1.00
0.892	0.033	0.042	0.033
0.050	0.129	0.056	0.765
0.841	0.051	0.075	0.033
0.884	0.025	0.058	0.033
0.058	0.033	0.851	0.058
0.034	0.851	0.057	0.058
0.033	0.925	0.017	0.025
0.882	0.025	0.050	0.043
0.050	0.701	0.167	0.082
0.036	0.050	0.835	0.079
0.138	0.017	0.812	0.033
0.779	0.042	0.087	0.092
>GTATTATCACAT	12-GTATTATCACAT	10.411584	-49.509206	0	T:32.0(0.06%),B:3.3(0.01%),P:1e-21	Tpos:111.8,Tstd:53.2,Bpos:73.9,Bstd:38.3,StrandBias:0.5,Multiplicity:1.23
0.050	0.057	0.829	0.064
0.105	0.077	0.064	0.754
0.795	0.050	0.084	0.071
0.029	0.049	0.057	0.865
0.099	0.063	0.064	0.774
0.739	0.148	0.057	0.056
0.050	0.036	0.035	0.879
0.014	0.894	0.042	0.050
0.826	0.103	0.014	0.057
0.028	0.893	0.057	0.022
0.881	0.070	0.014	0.035
0.050	0.028	0.036	0.886
>GGGATAGTGTAC	13-GGGATAGTGTAC	7.895947	-42.069326	0	T:69.0(0.13%),B:19.4(0.04%),P:1e-18	Tpos:97.4,Tstd:56.3,Bpos:109.4,Bstd:44.5,StrandBias:0.4,Multiplicity:1.26
0.252	0.007	0.576	0.165
0.116	0.008	0.791	0.085
0.128	0.164	0.641	0.067
0.584	0.047	0.175	0.194
0.147	0.137	0.235	0.481
0.475	0.147	0.201	0.177
0.168	0.154	0.510	0.168
0.104	0.079	0.154	0.663
0.147	0.119	0.605	0.129
0.135	0.217	0.149	0.500
0.556	0.125	0.159	0.160
0.132	0.514	0.200	0.154
>GATCGGATGAGT	14-GATCGGATGAGT	12.526483	-40.217838	0	T:24.0(0.05%),B:2.3(0.00%),P:1e-17	Tpos:100.0,Tstd:43.9,Bpos:77.1,Bstd:11.7,StrandBias:0.5,Multiplicity:1.00
0.046	0.001	0.952	0.001
0.952	0.001	0.046	0.001
0.047	0.001	0.047	0.905
0.001	0.816	0.136	0.047
0.047	0.001	0.695	0.257
0.046	0.001	0.952	0.001
0.816	0.047	0.136	0.001
0.001	0.001	0.001	0.997
0.001	0.001	0.997	0.001
0.997	0.001	0.001	0.001
0.046	0.001	0.952	0.001
0.001	0.001	0.001	0.997
>GTCTTCAGTCGA	15-GTCTTCAGTCGA	9.190007	-37.948344	0	T:27.0(0.05%),B:3.3(0.01%),P:1e-16	Tpos:105.7,Tstd:55.3,Bpos:116.2,Bstd:37.2,StrandBias:0.2,Multiplicity:1.00
0.105	0.098	0.693	0.104
0.101	0.117	0.118	0.664
0.082	0.702	0.111	0.105
0.112	0.129	0.064	0.695
0.088	0.119	0.130	0.663
0.080	0.729	0.110	0.081
0.728	0.081	0.071	0.120
0.094	0.124	0.679	0.103
0.105	0.124	0.112	0.659
0.145	0.552	0.174	0.129
0.147	0.140	0.589	0.124
0.646	0.132	0.114	0.108
>CCYGAGCATTCT	16-CCYGAGCATTCT	11.678994	-33.529348	0	T:39.0(0.07%),B:8.0(0.02%),P:1e-14	Tpos:117.3,Tstd:53.9,Bpos:91.7,Bstd:58.0,StrandBias:0.0,Multiplicity:1.14
0.071	0.867	0.034	0.028
0.065	0.826	0.040	0.069
0.024	0.439	0.017	0.520
0.074	0.132	0.760	0.034
0.855	0.012	0.091	0.042
0.036	0.092	0.782	0.090
0.055	0.854	0.046	0.045
0.604	0.357	0.014	0.025
0.088	0.100	0.152	0.660
0.057	0.030	0.064	0.849
0.040	0.855	0.071	0.034
0.090	0.089	0.047	0.774
>TGGGCCACCCTG	17-TGGGCCACCCTG	13.633233	-31.973919	0	T:47.0(0.09%),B:12.8(0.02%),P:1e-13	Tpos:106.7,Tstd:53.5,Bpos:95.8,Bstd:45.2,StrandBias:-0.9,Multiplicity:1.00
0.001	0.001	0.001	0.997
0.001	0.328	0.670	0.001
0.001	0.001	0.997	0.001
0.001	0.001	0.997	0.001
0.001	0.796	0.001	0.202
0.001	0.623	0.047	0.329
0.997	0.001	0.001	0.001
0.211	0.787	0.001	0.001
0.001	0.804	0.194	0.001
0.001	0.997	0.001	0.001
0.001	0.001	0.001	0.997
0.001	0.001	0.997	0.001
>TCTGCTGTGCTA	18-TCTGCTGTGCTA	11.060520	-30.185795	0	T:137.0(0.26%),B:68.4(0.13%),P:1e-13	Tpos:95.7,Tstd:53.4,Bpos:115.1,Bstd:54.3,StrandBias:0.1,Multiplicity:1.03
0.011	0.011	0.031	0.947
0.011	0.919	0.011	0.059
0.058	0.001	0.001	0.940
0.001	0.010	0.979	0.010
0.001	0.997	0.001	0.001
0.031	0.010	0.001	0.958
0.011	0.031	0.947	0.011
0.093	0.011	0.059	0.837
0.011	0.011	0.947	0.031
0.001	0.979	0.010	0.010
0.001	0.059	0.010	0.930
0.710	0.001	0.196	0.093
>CGTGGCCAATAT	19-CGTGGCCAATAT	11.556547	-29.343875	0	T:23.0(0.04%),B:3.7(0.01%),P:1e-12	Tpos:106.8,Tstd:49.1,Bpos:177.1,Bstd:12.2,StrandBias:0.0,Multiplicity:1.00
0.119	0.758	0.043	0.080
0.051	0.153	0.716	0.080
0.051	0.022	0.043	0.884
0.043	0.007	0.914	0.036
0.022	0.173	0.762	0.043
0.036	0.885	0.008	0.071
0.007	0.965	0.014	0.014
0.819	0.087	0.036	0.058
0.850	0.036	0.085	0.029
0.043	0.130	0.065	0.762
0.848	0.051	0.050	0.051
0.044	0.065	0.036	0.855
>CTGCGCACCTCT	20-CTGCGCACCTCT	12.698005	-29.236218	0	T:45.0(0.09%),B:12.2(0.02%),P:1e-12	Tpos:104.6,Tstd:55.0,Bpos:92.6,Bstd:39.6,StrandBias:0.4,Multiplicity:1.28
0.281	0.717	0.001	0.001
0.001	0.038	0.001	0.960
0.001	0.001	0.745	0.253
0.001	0.665	0.001	0.333
0.001	0.216	0.782	0.001
0.001	0.717	0.243	0.039
0.921	0.001	0.039	0.039
0.001	0.666	0.332	0.001
0.001	0.655	0.216	0.128
0.001	0.038	0.001	0.960
0.001	0.997	0.001	0.001
0.001	0.001	0.038	0.960
>TGCATGGGTCTG	21-TGCATGGGTCTG	12.678768	-26.226884	0	T:32.0(0.06%),B:7.7(0.01%),P:1e-11	Tpos:98.3,Tstd:53.0,Bpos:104.5,Bstd:34.9,StrandBias:-0.4,Multiplicity:1.11
0.001	0.001	0.001	0.997
0.001	0.007	0.885	0.107
0.104	0.700	0.189	0.007
0.956	0.028	0.007	0.009
0.001	0.001	0.208	0.790
0.417	0.001	0.575	0.007
0.001	0.007	0.918	0.074
0.070	0.047	0.876	0.007
0.239	0.047	0.022	0.692
0.132	0.819	0.048	0.001
0.015	0.066	0.096	0.823
0.194	0.001	0.722	0.083
>GTAGGGTCGTCC	22-GTAGGGTCGTCC	11.575343	-26.060264	0	T:27.0(0.05%),B:5.3(0.01%),P:1e-11	Tpos:97.2,Tstd:54.5,Bpos:61.9,Bstd:43.6,StrandBias:0.6,Multiplicity:1.30
0.018	0.054	0.857	0.071
0.036	0.268	0.027	0.669
0.902	0.018	0.044	0.036
0.009	0.027	0.919	0.045
0.027	0.027	0.945	0.001
0.054	0.054	0.865	0.027
0.036	0.054	0.071	0.839
0.054	0.598	0.285	0.063
0.054	0.107	0.776	0.063
0.036	0.045	0.054	0.865
0.027	0.898	0.074	0.001
0.045	0.883	0.018	0.054
>GCGATACACTGC	23-GCGATACACTGC	9.170745	-19.082518	0	T:25.0(0.05%),B:6.8(0.01%),P:1e-8	Tpos:99.5,Tstd:48.1,Bpos:113.3,Bstd:37.8,StrandBias:0.8,Multiplicity:1.17
0.101	0.121	0.692	0.086
0.146	0.550	0.154	0.150
0.121	0.168	0.605	0.106
0.649	0.133	0.114	0.104
0.112	0.126	0.160	0.602
0.642	0.123	0.127	0.108
0.100	0.731	0.094	0.075
0.699	0.113	0.082	0.106
0.084	0.724	0.107	0.085
0.145	0.065	0.085	0.705
0.060	0.112	0.729	0.099
0.130	0.671	0.099	0.100
>CATATATAYACA	24-CATATATAYACA	10.795523	-13.435254	0	T:35.0(0.07%),B:14.8(0.03%),P:1e-5	Tpos:98.7,Tstd:58.5,Bpos:75.4,Bstd:29.9,StrandBias:0.7,Multiplicity:1.83
0.018	0.955	0.009	0.018
0.805	0.030	0.087	0.078
0.027	0.009	0.035	0.929
0.679	0.111	0.192	0.018
0.009	0.027	0.017	0.947
0.941	0.031	0.018	0.010
0.009	0.001	0.027	0.963
0.937	0.001	0.044	0.018
0.087	0.339	0.124	0.450
0.569	0.027	0.323	0.081
0.001	0.774	0.027	0.198
0.851	0.035	0.087	0.027
>GAGCAGGGCCAG	25-GAGCAGGGCCAG	12.355432	-9.126518	0	T:24.0(0.05%),B:10.2(0.02%),P:1e-3	Tpos:104.0,Tstd:57.5,Bpos:93.8,Bstd:24.0,StrandBias:0.1,Multiplicity:1.00
0.100	0.100	0.700	0.100
0.700	0.100	0.100	0.100
0.100	0.100	0.700	0.100
0.100	0.700	0.100	0.100
0.700	0.100	0.100	0.100
0.100	0.100	0.700	0.100
0.100	0.100	0.700	0.100
0.100	0.100	0.700	0.100
0.100	0.700	0.100	0.100
0.100	0.700	0.100	0.100
0.700	0.100	0.100	0.100
0.100	0.100	0.700	0.100
