>TGCACTGTSC	1-TGCACTGTSC	5.817952	-235.702649	0	T:17534.0(33.24%),B:15363.9(28.93%),P:1e-102	Tpos:99.8,Tstd:55.3,Bpos:100.9,Bstd:63.3,StrandBias:0.0,Multiplicity:1.33
0.318	0.056	0.049	0.577
0.160	0.029	0.808	0.003
0.040	0.641	0.244	0.075
0.580	0.325	0.060	0.035
0.015	0.926	0.044	0.015
0.284	0.057	0.060	0.599
0.012	0.059	0.928	0.001
0.138	0.123	0.166	0.573
0.184	0.363	0.403	0.050
0.004	0.937	0.008	0.051
>GGAYAGCCCT	2-GGAYAGCCCT	5.725147	-179.969179	0	T:19676.0(37.30%),B:17742.0(33.41%),P:1e-78	Tpos:99.8,Tstd:55.4,Bpos:100.1,Bstd:61.1,StrandBias:-0.0,Multiplicity:1.24
0.020	0.001	0.974	0.005
0.027	0.191	0.679	0.103
0.409	0.191	0.197	0.203
0.040	0.347	0.190	0.424
0.499	0.071	0.238	0.192
0.249	0.111	0.639	0.001
0.152	0.846	0.001	0.001
0.236	0.535	0.044	0.185
0.040	0.958	0.001	0.001
0.107	0.179	0.006	0.708
>ACGCTGTCCW	3-ACGCTGTCCW	5.387920	-157.343314	0	T:22506.0(42.66%),B:20670.8(38.92%),P:1e-68	Tpos:100.6,Tstd:55.2,Bpos:100.7,Bstd:62.1,StrandBias:-0.0,Multiplicity:1.30
0.714	0.210	0.020	0.056
0.211	0.541	0.129	0.119
0.277	0.167	0.473	0.083
0.075	0.816	0.087	0.022
0.316	0.156	0.018	0.510
0.048	0.170	0.756	0.026
0.073	0.181	0.090	0.656
0.007	0.606	0.261	0.126
0.058	0.823	0.001	0.118
0.349	0.229	0.003	0.419
>ACCTGCAGAG	4-ACCTGCAGAG	7.485113	-75.444771	0	T:1586.0(3.01%),B:1167.4(2.20%),P:1e-32	Tpos:100.1,Tstd:56.0,Bpos:101.7,Bstd:63.5,StrandBias:-0.2,Multiplicity:1.03
0.501	0.230	0.017	0.252
0.209	0.554	0.215	0.022
0.245	0.468	0.257	0.030
0.127	0.026	0.036	0.811
0.186	0.183	0.586	0.045
0.019	0.781	0.157	0.043
0.637	0.137	0.023	0.203
0.133	0.183	0.557	0.127
0.717	0.087	0.176	0.020
0.104	0.223	0.644	0.029
>GGTCACCGGT	5-GGTCACCGGT	10.753833	-72.417334	0	T:29.0(0.05%),B:1.9(0.00%),P:1e-31	Tpos:103.3,Tstd:51.8,Bpos:111.0,Bstd:50.7,StrandBias:0.2,Multiplicity:1.00
0.001	0.001	0.997	0.001
0.050	0.001	0.940	0.009
0.001	0.001	0.001	0.997
0.001	0.997	0.001	0.001
0.997	0.001	0.001	0.001
0.008	0.990	0.001	0.001
0.001	0.997	0.001	0.001
0.001	0.077	0.921	0.001
0.001	0.001	0.997	0.001
0.001	0.001	0.001	0.997
>NCSATTCGAN	6-NCSATTCGAN	6.355432	-66.960747	0	T:39.0(0.07%),B:3.8(0.01%),P:1e-29	Tpos:83.9,Tstd:50.4,Bpos:86.5,Bstd:58.9,StrandBias:-0.7,Multiplicity:2.33
0.294	0.227	0.207	0.272
0.168	0.478	0.165	0.189
0.162	0.388	0.250	0.200
0.593	0.095	0.175	0.137
0.161	0.112	0.141	0.586
0.175	0.171	0.125	0.529
0.138	0.605	0.142	0.115
0.155	0.091	0.621	0.133
0.606	0.109	0.119	0.166
0.238	0.260	0.182	0.321
>TGGCCGGGST	7-TGGCCGGGST	9.079888	-46.103847	0	T:234.0(0.44%),B:120.6(0.23%),P:1e-20	Tpos:101.5,Tstd:54.4,Bpos:105.8,Bstd:52.0,StrandBias:0.3,Multiplicity:1.02
0.001	0.001	0.001	0.997
0.001	0.001	0.750	0.248
0.001	0.001	0.997	0.001
0.001	0.991	0.007	0.001
0.001	0.997	0.001	0.001
0.001	0.001	0.997	0.001
0.001	0.001	0.967	0.031
0.001	0.006	0.804	0.189
0.005	0.407	0.461	0.127
0.006	0.001	0.001	0.992
>AATGGAATCR	8-AATGGAATCR	12.034202	-41.186166	0	T:60.0(0.11%),B:15.9(0.03%),P:1e-17	Tpos:103.5,Tstd:55.0,Bpos:107.0,Bstd:65.9,StrandBias:0.2,Multiplicity:1.62
0.997	0.001	0.001	0.001
0.997	0.001	0.001	0.001
0.001	0.001	0.001	0.997
0.317	0.001	0.681	0.001
0.001	0.001	0.997	0.001
0.997	0.001	0.001	0.001
0.997	0.001	0.001	0.001
0.001	0.001	0.001	0.997
0.001	0.997	0.001	0.001
0.479	0.001	0.519	0.001
>GTATACATAG	9-GTATACATAG	10.036179	-40.930080	0	T:46.0(0.09%),B:9.2(0.02%),P:1e-17	Tpos:105.8,Tstd:51.0,Bpos:84.4,Bstd:39.2,StrandBias:-0.1,Multiplicity:1.02
0.001	0.001	0.997	0.001
0.001	0.001	0.001	0.997
0.585	0.413	0.001	0.001
0.001	0.001	0.001	0.997
0.997	0.001	0.001	0.001
0.001	0.900	0.098	0.001
0.997	0.001	0.001	0.001
0.001	0.072	0.001	0.926
0.997	0.001	0.001	0.001
0.001	0.413	0.585	0.001
>AAACTCACAC	10-AAACTCACAC	11.205147	-39.551779	0	T:93.0(0.18%),B:33.6(0.06%),P:1e-17	Tpos:105.1,Tstd:57.2,Bpos:107.8,Bstd:55.7,StrandBias:0.3,Multiplicity:1.02
0.997	0.001	0.001	0.001
0.748	0.001	0.250	0.001
0.997	0.001	0.001	0.001
0.001	0.997	0.001	0.001
0.001	0.001	0.001	0.997
0.096	0.902	0.001	0.001
0.997	0.001	0.001	0.001
0.001	0.997	0.001	0.001
0.997	0.001	0.001	0.001
0.001	0.997	0.001	0.001
>TTAGTCGGCA	11-TTAGTCGGCA	10.916943	-34.557493	0	T:17.0(0.03%),B:1.8(0.00%),P:1e-15	Tpos:87.4,Tstd:57.0,Bpos:134.5,Bstd:35.2,StrandBias:2.1,Multiplicity:1.82
0.011	0.011	0.001	0.977
0.130	0.063	0.283	0.524
0.759	0.126	0.033	0.082
0.011	0.265	0.559	0.165
0.157	0.001	0.001	0.841
0.001	0.997	0.001	0.001
0.001	0.033	0.965	0.001
0.011	0.023	0.892	0.074
0.064	0.855	0.001	0.080
0.827	0.139	0.023	0.011
>TTATGGTGTC	12-TTATGGTGTC	7.701541	-31.374175	0	T:30.0(0.06%),B:5.7(0.01%),P:1e-13	Tpos:106.0,Tstd:57.0,Bpos:109.4,Bstd:75.4,StrandBias:0.4,Multiplicity:1.00
0.150	0.182	0.161	0.507
0.164	0.058	0.172	0.606
0.743	0.075	0.103	0.079
0.096	0.144	0.108	0.652
0.203	0.103	0.544	0.150
0.113	0.113	0.653	0.121
0.151	0.142	0.130	0.577
0.207	0.081	0.562	0.150
0.136	0.147	0.113	0.604
0.173	0.553	0.122	0.152
>TTCATGTGAG	13-TTCATGTGAG	10.296193	-31.374175	0	T:30.0(0.06%),B:5.7(0.01%),P:1e-13	Tpos:89.0,Tstd:51.6,Bpos:87.0,Bstd:37.2,StrandBias:-0.1,Multiplicity:1.00
0.100	0.100	0.100	0.700
0.100	0.100	0.100	0.700
0.100	0.700	0.100	0.100
0.700	0.100	0.100	0.100
0.100	0.100	0.100	0.700
0.100	0.100	0.700	0.100
0.100	0.100	0.100	0.700
0.100	0.100	0.700	0.100
0.700	0.100	0.100	0.100
0.100	0.100	0.700	0.100
>GATAATATCA	14-GATAATATCA	10.768997	-30.359770	0	T:37.0(0.07%),B:9.0(0.02%),P:1e-13	Tpos:91.9,Tstd:58.7,Bpos:86.6,Bstd:47.2,StrandBias:0.2,Multiplicity:1.14
0.001	0.001	0.970	0.028
0.994	0.004	0.001	0.001
0.001	0.001	0.001	0.997
0.778	0.065	0.156	0.001
0.786	0.001	0.001	0.212
0.001	0.001	0.001	0.997
0.997	0.001	0.001	0.001
0.001	0.001	0.001	0.997
0.001	0.997	0.001	0.001
0.934	0.064	0.001	0.001
>TAGCCCATCC	15-TAGCCCATCC	10.296193	-27.293895	0	T:22.0(0.04%),B:4.0(0.01%),P:1e-11	Tpos:105.3,Tstd:62.8,Bpos:65.3,Bstd:60.6,StrandBias:0.0,Multiplicity:1.00
0.100	0.100	0.100	0.700
0.700	0.100	0.100	0.100
0.100	0.100	0.700	0.100
0.100	0.700	0.100	0.100
0.100	0.700	0.100	0.100
0.100	0.700	0.100	0.100
0.700	0.100	0.100	0.100
0.100	0.100	0.100	0.700
0.100	0.700	0.100	0.100
0.100	0.700	0.100	0.100
>ACTCACTAGG	16-ACTCACTAGG	10.296193	-25.918060	0	T:18.0(0.03%),B:2.7(0.01%),P:1e-11	Tpos:94.0,Tstd:58.5,Bpos:147.4,Bstd:32.2,StrandBias:0.6,Multiplicity:1.11
0.700	0.100	0.100	0.100
0.100	0.700	0.100	0.100
0.100	0.100	0.100	0.700
0.100	0.700	0.100	0.100
0.700	0.100	0.100	0.100
0.100	0.700	0.100	0.100
0.100	0.100	0.100	0.700
0.700	0.100	0.100	0.100
0.100	0.100	0.700	0.100
0.100	0.100	0.700	0.100
>TTTGAACAAA	17-TTTGAACAAA	10.296193	-24.358979	0	T:26.0(0.05%),B:5.7(0.01%),P:1e-10	Tpos:108.1,Tstd:61.2,Bpos:67.8,Bstd:27.7,StrandBias:0.2,Multiplicity:1.00
0.100	0.100	0.100	0.700
0.100	0.100	0.100	0.700
0.100	0.100	0.100	0.700
0.100	0.100	0.700	0.100
0.700	0.100	0.100	0.100
0.700	0.100	0.100	0.100
0.100	0.700	0.100	0.100
0.700	0.100	0.100	0.100
0.700	0.100	0.100	0.100
0.700	0.100	0.100	0.100
>TGTGCAGCGA	18-TGTGCAGCGA	11.664345	-23.643854	0	T:28.0(0.05%),B:6.0(0.01%),P:1e-10	Tpos:93.2,Tstd:63.0,Bpos:146.9,Bstd:7.8,StrandBias:-0.1,Multiplicity:1.12
0.001	0.001	0.001	0.997
0.001	0.001	0.997	0.001
0.001	0.001	0.001	0.997
0.001	0.001	0.997	0.001
0.001	0.884	0.001	0.114
0.997	0.001	0.001	0.001
0.001	0.001	0.997	0.001
0.001	0.997	0.001	0.001
0.001	0.001	0.997	0.001
0.997	0.001	0.001	0.001
>GAGCTGTACC	19-GAGCTGTACC	10.296193	-23.187863	0	T:30.0(0.06%),B:7.8(0.01%),P:1e-10	Tpos:92.2,Tstd:50.9,Bpos:97.4,Bstd:43.8,StrandBias:0.8,Multiplicity:1.00
0.100	0.100	0.700	0.100
0.700	0.100	0.100	0.100
0.100	0.100	0.700	0.100
0.100	0.700	0.100	0.100
0.100	0.100	0.100	0.700
0.100	0.100	0.700	0.100
0.100	0.100	0.100	0.700
0.700	0.100	0.100	0.100
0.100	0.700	0.100	0.100
0.100	0.700	0.100	0.100
>TGACAGCACG	20-TGACAGCACG	10.454507	-21.553326	0	T:16.0(0.03%),B:2.9(0.01%),P:1e-9	Tpos:96.0,Tstd:52.5,Bpos:111.4,Bstd:6.6,StrandBias:1.8,Multiplicity:1.57
0.001	0.001	0.001	0.997
0.001	0.001	0.964	0.034
0.997	0.001	0.001	0.001
0.001	0.997	0.001	0.001
0.997	0.001	0.001	0.001
0.001	0.001	0.997	0.001
0.001	0.997	0.001	0.001
0.997	0.001	0.001	0.001
0.001	0.997	0.001	0.001
0.001	0.001	0.997	0.001
>CTGGACAGGC	21-CTGGACAGGC	10.296193	-16.106957	0	T:84.0(0.16%),B:45.4(0.09%),P:1e-6	Tpos:90.3,Tstd:56.4,Bpos:95.4,Bstd:63.4,StrandBias:-0.3,Multiplicity:1.00
0.100	0.700	0.100	0.100
0.100	0.100	0.100	0.700
0.100	0.100	0.700	0.100
0.100	0.100	0.700	0.100
0.700	0.100	0.100	0.100
0.100	0.700	0.100	0.100
0.700	0.100	0.100	0.100
0.100	0.100	0.700	0.100
0.100	0.100	0.700	0.100
0.100	0.700	0.100	0.100
>CGGTGTTTAC	22-CGGTGTTTAC	7.678065	-16.071296	0	T:10.0(0.02%),B:1.9(0.00%),P:1e-6	Tpos:98.4,Tstd:56.7,Bpos:92.5,Bstd:6.9,StrandBias:3.9,Multiplicity:3.10
0.123	0.632	0.105	0.140
0.121	0.133	0.647	0.099
0.185	0.132	0.523	0.160
0.108	0.134	0.102	0.656
0.174	0.128	0.558	0.140
0.172	0.108	0.139	0.581
0.176	0.105	0.123	0.596
0.187	0.102	0.133	0.578
0.691	0.088	0.113	0.108
0.148	0.538	0.146	0.168
>TCCTGTGTAA	23-TCCTGTGTAA	10.296193	-14.983291	0	T:20.0(0.04%),B:5.2(0.01%),P:1e-6	Tpos:103.4,Tstd:53.1,Bpos:101.8,Bstd:36.1,StrandBias:0.8,Multiplicity:1.00
0.100	0.100	0.100	0.700
0.100	0.700	0.100	0.100
0.100	0.700	0.100	0.100
0.100	0.100	0.100	0.700
0.100	0.100	0.700	0.100
0.100	0.100	0.100	0.700
0.100	0.100	0.700	0.100
0.100	0.100	0.100	0.700
0.700	0.100	0.100	0.100
0.700	0.100	0.100	0.100
>CCCTCACATA	24-CCCTCACATA	10.296193	-9.858267	0	T:18.0(0.03%),B:6.3(0.01%),P:1e-4	Tpos:106.3,Tstd:52.2,Bpos:45.0,Bstd:26.3,StrandBias:-1.1,Multiplicity:1.65
0.100	0.700	0.100	0.100
0.100	0.700	0.100	0.100
0.100	0.700	0.100	0.100
0.100	0.100	0.100	0.700
0.100	0.700	0.100	0.100
0.700	0.100	0.100	0.100
0.100	0.700	0.100	0.100
0.700	0.100	0.100	0.100
0.100	0.100	0.100	0.700
0.700	0.100	0.100	0.100
>ACCGTCAGAC	25-ACCGTCAGAC	10.796743	-6.635543	0	T:15.0(0.03%),B:6.7(0.01%),P:1e-2	Tpos:99.7,Tstd:60.5,Bpos:137.2,Bstd:19.4,StrandBias:1.4,Multiplicity:1.73
0.997	0.001	0.001	0.001
0.001	0.949	0.001	0.049
0.001	0.997	0.001	0.001
0.001	0.001	0.997	0.001
0.001	0.001	0.001	0.997
0.009	0.981	0.001	0.009
0.997	0.001	0.001	0.001
0.001	0.001	0.990	0.008
0.997	0.001	0.001	0.001
0.001	0.997	0.001	0.001
>GSACAGCCCTGG	1-GSACAGCCCTGG	6.294040	-174.128591	0	T:19939.0(37.79%),B:18034.4(33.96%),P:1e-75	Tpos:100.3,Tstd:54.6,Bpos:101.2,Bstd:62.5,StrandBias:0.0,Multiplicity:1.37
0.124	0.043	0.745	0.088
0.027	0.425	0.534	0.014
0.445	0.278	0.079	0.198
0.047	0.796	0.139	0.018
0.780	0.031	0.055	0.134
0.028	0.109	0.812	0.051
0.063	0.678	0.155	0.104
0.089	0.731	0.082	0.098
0.052	0.862	0.023	0.063
0.198	0.055	0.062	0.685
0.027	0.027	0.887	0.059
0.075	0.168	0.664	0.093
>YCRAATGGARTC	2-YCRAATGGARTC	8.964297	-165.681511	0	T:54.0(0.10%),B:1.9(0.00%),P:1e-71	Tpos:101.0,Tstd:54.8,Bpos:137.9,Bstd:20.1,StrandBias:0.4,Multiplicity:1.46
0.178	0.285	0.183	0.354
0.202	0.479	0.070	0.249
0.446	0.030	0.460	0.064
0.691	0.058	0.072	0.179
0.706	0.021	0.027	0.246
0.058	0.021	0.229	0.692
0.078	0.013	0.827	0.082
0.021	0.390	0.560	0.029
0.681	0.031	0.037	0.251
0.264	0.183	0.372	0.181
0.259	0.239	0.037	0.465
0.040	0.677	0.049	0.234
>CTGCACAGTGCA	3-CTGCACAGTGCA	-5.628706	-100.918966	0	T:18274.0(34.64%),B:16882.4(31.79%),P:1e-43	Tpos:100.3,Tstd:54.7,Bpos:99.9,Bstd:62.1,StrandBias:-0.0,Multiplicity:1.27
0.001	0.997	0.001	0.001
0.001	0.001	0.001	0.997
0.001	0.173	0.825	0.001
0.001	0.997	0.001	0.001
0.997	0.001	0.001	0.001
0.001	0.997	0.001	0.001
0.673	0.001	0.001	0.325
0.001	0.325	0.673	0.001
0.001	0.001	0.001	0.997
0.001	0.001	0.997	0.001
0.001	0.997	0.001	0.001
0.997	0.001	0.001	0.001
>CTATACATGCAA	4-CTATACATGCAA	11.077636	-97.070180	0	T:44.0(0.08%),B:2.6(0.00%),P:1e-42	Tpos:100.6,Tstd:51.2,Bpos:97.3,Bstd:29.8,StrandBias:-0.1,Multiplicity:1.00
0.014	0.984	0.001	0.001
0.029	0.029	0.001	0.941
0.684	0.010	0.040	0.266
0.001	0.001	0.014	0.984
0.802	0.140	0.057	0.001
0.014	0.984	0.001	0.001
0.997	0.001	0.001	0.001
0.029	0.001	0.014	0.956
0.001	0.001	0.984	0.014
0.001	0.997	0.001	0.001
0.984	0.014	0.001	0.001
0.582	0.403	0.001	0.014
>TGAACGGGCCAT	5-TGAACGGGCCAT	10.579335	-87.840985	0	T:41.0(0.08%),B:2.8(0.01%),P:1e-38	Tpos:109.1,Tstd:43.2,Bpos:143.3,Bstd:10.6,StrandBias:-0.6,Multiplicity:1.00
0.117	0.055	0.082	0.746
0.048	0.063	0.856	0.033
0.741	0.102	0.106	0.051
0.542	0.147	0.224	0.087
0.212	0.513	0.075	0.200
0.169	0.037	0.654	0.140
0.086	0.014	0.805	0.095
0.034	0.130	0.795	0.041
0.087	0.706	0.075	0.132
0.043	0.886	0.010	0.061
0.650	0.211	0.033	0.106
0.010	0.094	0.069	0.827
>AGTTCCGTGCAT	6-AGTTCCGTGCAT	10.989740	-78.828489	0	T:38.0(0.07%),B:2.5(0.00%),P:1e-34	Tpos:101.4,Tstd:56.6,Bpos:112.3,Bstd:46.0,StrandBias:-0.6,Multiplicity:1.03
0.832	0.036	0.035	0.097
0.036	0.050	0.885	0.029
0.050	0.029	0.097	0.824
0.036	0.180	0.068	0.716
0.050	0.899	0.029	0.022
0.075	0.816	0.043	0.066
0.180	0.098	0.647	0.075
0.022	0.029	0.089	0.860
0.029	0.029	0.920	0.022
0.022	0.899	0.050	0.029
0.885	0.014	0.051	0.050
0.043	0.051	0.075	0.831
>ATTCCATTCGAT	7-ATTCCATTCGAT	13.031506	-65.701050	0	T:27.0(0.05%),B:1.9(0.00%),P:1e-28	Tpos:91.6,Tstd:55.8,Bpos:125.1,Bstd:31.3,StrandBias:-1.1,Multiplicity:2.67
0.997	0.001	0.001	0.001
0.001	0.001	0.001	0.997
0.001	0.001	0.001	0.997
0.001	0.997	0.001	0.001
0.001	0.492	0.190	0.317
0.997	0.001	0.001	0.001
0.001	0.001	0.001	0.997
0.001	0.001	0.001	0.997
0.001	0.997	0.001	0.001
0.092	0.142	0.709	0.057
0.997	0.001	0.001	0.001
0.001	0.001	0.001	0.997
>TATCTATACCTA	8-TATCTATACCTA	10.613050	-55.991698	0	T:30.0(0.06%),B:2.8(0.01%),P:1e-24	Tpos:100.0,Tstd:58.1,Bpos:106.1,Bstd:46.9,StrandBias:-0.3,Multiplicity:1.13
0.023	0.060	0.031	0.886
0.726	0.114	0.092	0.068
0.045	0.061	0.038	0.856
0.015	0.886	0.046	0.053
0.054	0.038	0.023	0.885
0.833	0.054	0.083	0.030
0.068	0.046	0.060	0.826
0.780	0.061	0.069	0.090
0.030	0.885	0.046	0.039
0.046	0.878	0.015	0.061
0.046	0.114	0.015	0.825
0.752	0.121	0.075	0.052
>CCTCAGAGCGAC	9-CCTCAGAGCGAC	13.691180	-54.354915	0	T:34.0(0.06%),B:3.5(0.01%),P:1e-23	Tpos:105.7,Tstd:46.4,Bpos:126.4,Bstd:32.6,StrandBias:-0.5,Multiplicity:1.00
0.001	0.859	0.001	0.139
0.002	0.996	0.001	0.001
0.139	0.001	0.001	0.859
0.001	0.997	0.001	0.001
0.995	0.001	0.002	0.002
0.002	0.001	0.996	0.001
0.997	0.001	0.001	0.001
0.001	0.001	0.859	0.139
0.001	0.997	0.001	0.001
0.001	0.287	0.711	0.001
0.859	0.001	0.001	0.139
0.001	0.859	0.139	0.001
>TCCGTTCATTGA	10-TCCGTTCATTGA	10.227618	-53.274197	0	T:29.0(0.05%),B:2.7(0.01%),P:1e-23	Tpos:104.2,Tstd:50.3,Bpos:145.7,Bstd:28.2,StrandBias:0.0,Multiplicity:1.00
0.068	0.031	0.053	0.848
0.031	0.786	0.088	0.095
0.060	0.778	0.088	0.074
0.074	0.056	0.802	0.068
0.023	0.081	0.038	0.858
0.030	0.082	0.053	0.835
0.023	0.846	0.086	0.045
0.866	0.089	0.030	0.015
0.064	0.082	0.068	0.786
0.038	0.045	0.053	0.864
0.045	0.102	0.845	0.008
0.902	0.045	0.008	0.045
>ATAAGCCACGGA	11-ATAAGCCACGGA	11.230359	-50.590455	0	T:28.0(0.05%),B:2.4(0.00%),P:1e-21	Tpos:96.4,Tstd:51.0,Bpos:130.3,Bstd:53.6,StrandBias:0.1,Multiplicity:1.00
0.892	0.033	0.042	0.033
0.050	0.129	0.056	0.765
0.841	0.051	0.075	0.033
0.884	0.025	0.058	0.033
0.058	0.033	0.851	0.058
0.034	0.851	0.057	0.058
0.033	0.925	0.017	0.025
0.882	0.025	0.050	0.043
0.050	0.701	0.167	0.082
0.036	0.050	0.835	0.079
0.138	0.017	0.812	0.033
0.779	0.042	0.087	0.092
>GTATTATCACAT	12-GTATTATCACAT	10.411584	-49.509206	0	T:32.0(0.06%),B:3.3(0.01%),P:1e-21	Tpos:111.8,Tstd:53.2,Bpos:73.9,Bstd:38.3,StrandBias:0.5,Multiplicity:1.23
0.050	0.057	0.829	0.064
0.105	0.077	0.064	0.754
0.795	0.050	0.084	0.071
0.029	0.049	0.057	0.865
0.099	0.063	0.064	0.774
0.739	0.148	0.057	0.056
0.050	0.036	0.035	0.879
0.014	0.894	0.042	0.050
0.826	0.103	0.014	0.057
0.028	0.893	0.057	0.022
0.881	0.070	0.014	0.035
0.050	0.028	0.036	0.886
>GGGATAGTGTAC	13-GGGATAGTGTAC	7.895947	-42.069326	0	T:69.0(0.13%),B:19.4(0.04%),P:1e-18	Tpos:97.4,Tstd:56.3,Bpos:109.4,Bstd:44.5,StrandBias:0.4,Multiplicity:1.26
0.252	0.007	0.576	0.165
0.116	0.008	0.791	0.085
0.128	0.164	0.641	0.067
0.584	0.047	0.175	0.194
0.147	0.137	0.235	0.481
0.475	0.147	0.201	0.177
0.168	0.154	0.510	0.168
0.104	0.079	0.154	0.663
0.147	0.119	0.605	0.129
0.135	0.217	0.149	0.500
0.556	0.125	0.159	0.160
0.132	0.514	0.200	0.154
>GATCGGATGAGT	14-GATCGGATGAGT	12.526483	-40.217838	0	T:24.0(0.05%),B:2.3(0.00%),P:1e-17	Tpos:100.0,Tstd:43.9,Bpos:77.1,Bstd:11.7,StrandBias:0.5,Multiplicity:1.00
0.046	0.001	0.952	0.001
0.952	0.001	0.046	0.001
0.047	0.001	0.047	0.905
0.001	0.816	0.136	0.047
0.047	0.001	0.695	0.257
0.046	0.001	0.952	0.001
0.816	0.047	0.136	0.001
0.001	0.001	0.001	0.997
0.001	0.001	0.997	0.001
0.997	0.001	0.001	0.001
0.046	0.001	0.952	0.001
0.001	0.001	0.001	0.997
>GTCTTCAGTCGA	15-GTCTTCAGTCGA	9.190007	-37.948344	0	T:27.0(0.05%),B:3.3(0.01%),P:1e-16	Tpos:105.7,Tstd:55.3,Bpos:116.2,Bstd:37.2,StrandBias:0.2,Multiplicity:1.00
0.105	0.098	0.693	0.104
0.101	0.117	0.118	0.664
0.082	0.702	0.111	0.105
0.112	0.129	0.064	0.695
0.088	0.119	0.130	0.663
0.080	0.729	0.110	0.081
0.728	0.081	0.071	0.120
0.094	0.124	0.679	0.103
0.105	0.124	0.112	0.659
0.145	0.552	0.174	0.129
0.147	0.140	0.589	0.124
0.646	0.132	0.114	0.108
>CCYGAGCATTCT	16-CCYGAGCATTCT	11.678994	-33.529348	0	T:39.0(0.07%),B:8.0(0.02%),P:1e-14	Tpos:117.3,Tstd:53.9,Bpos:91.7,Bstd:58.0,StrandBias:0.0,Multiplicity:1.14
0.071	0.867	0.034	0.028
0.065	0.826	0.040	0.069
0.024	0.439	0.017	0.520
0.074	0.132	0.760	0.034
0.855	0.012	0.091	0.042
0.036	0.092	0.782	0.090
0.055	0.854	0.046	0.045
0.604	0.357	0.014	0.025
0.088	0.100	0.152	0.660
0.057	0.030	0.064	0.849
0.040	0.855	0.071	0.034
0.090	0.089	0.047	0.774
>TGGGCCACCCTG	17-TGGGCCACCCTG	13.633233	-31.973919	0	T:47.0(0.09%),B:12.8(0.02%),P:1e-13	Tpos:106.7,Tstd:53.5,Bpos:95.8,Bstd:45.2,StrandBias:-0.9,Multiplicity:1.00
0.001	0.001	0.001	0.997
0.001	0.328	0.670	0.001
0.001	0.001	0.997	0.001
0.001	0.001	0.997	0.001
0.001	0.796	0.001	0.202
0.001	0.623	0.047	0.329
0.997	0.001	0.001	0.001
0.211	0.787	0.001	0.001
0.001	0.804	0.194	0.001
0.001	0.997	0.001	0.001
0.001	0.001	0.001	0.997
0.001	0.001	0.997	0.001
>TCTGCTGTGCTA	18-TCTGCTGTGCTA	11.060520	-30.185795	0	T:137.0(0.26%),B:68.4(0.13%),P:1e-13	Tpos:95.7,Tstd:53.4,Bpos:115.1,Bstd:54.3,StrandBias:0.1,Multiplicity:1.03
0.011	0.011	0.031	0.947
0.011	0.919	0.011	0.059
0.058	0.001	0.001	0.940
0.001	0.010	0.979	0.010
0.001	0.997	0.001	0.001
0.031	0.010	0.001	0.958
0.011	0.031	0.947	0.011
0.093	0.011	0.059	0.837
0.011	0.011	0.947	0.031
0.001	0.979	0.010	0.010
0.001	0.059	0.010	0.930
0.710	0.001	0.196	0.093
>CGTGGCCAATAT	19-CGTGGCCAATAT	11.556547	-29.343875	0	T:23.0(0.04%),B:3.7(0.01%),P:1e-12	Tpos:106.8,Tstd:49.1,Bpos:177.1,Bstd:12.2,StrandBias:0.0,Multiplicity:1.00
0.119	0.758	0.043	0.080
0.051	0.153	0.716	0.080
0.051	0.022	0.043	0.884
0.043	0.007	0.914	0.036
0.022	0.173	0.762	0.043
0.036	0.885	0.008	0.071
0.007	0.965	0.014	0.014
0.819	0.087	0.036	0.058
0.850	0.036	0.085	0.029
0.043	0.130	0.065	0.762
0.848	0.051	0.050	0.051
0.044	0.065	0.036	0.855
>CTGCGCACCTCT	20-CTGCGCACCTCT	12.698005	-29.236218	0	T:45.0(0.09%),B:12.2(0.02%),P:1e-12	Tpos:104.6,Tstd:55.0,Bpos:92.6,Bstd:39.6,StrandBias:0.4,Multiplicity:1.28
0.281	0.717	0.001	0.001
0.001	0.038	0.001	0.960
0.001	0.001	0.745	0.253
0.001	0.665	0.001	0.333
0.001	0.216	0.782	0.001
0.001	0.717	0.243	0.039
0.921	0.001	0.039	0.039
0.001	0.666	0.332	0.001
0.001	0.655	0.216	0.128
0.001	0.038	0.001	0.960
0.001	0.997	0.001	0.001
0.001	0.001	0.038	0.960
>TGCATGGGTCTG	21-TGCATGGGTCTG	12.678768	-26.226884	0	T:32.0(0.06%),B:7.7(0.01%),P:1e-11	Tpos:98.3,Tstd:53.0,Bpos:104.5,Bstd:34.9,StrandBias:-0.4,Multiplicity:1.11
0.001	0.001	0.001	0.997
0.001	0.007	0.885	0.107
0.104	0.700	0.189	0.007
0.956	0.028	0.007	0.009
0.001	0.001	0.208	0.790
0.417	0.001	0.575	0.007
0.001	0.007	0.918	0.074
0.070	0.047	0.876	0.007
0.239	0.047	0.022	0.692
0.132	0.819	0.048	0.001
0.015	0.066	0.096	0.823
0.194	0.001	0.722	0.083
>GTAGGGTCGTCC	22-GTAGGGTCGTCC	11.575343	-26.060264	0	T:27.0(0.05%),B:5.3(0.01%),P:1e-11	Tpos:97.2,Tstd:54.5,Bpos:61.9,Bstd:43.6,StrandBias:0.6,Multiplicity:1.30
0.018	0.054	0.857	0.071
0.036	0.268	0.027	0.669
0.902	0.018	0.044	0.036
0.009	0.027	0.919	0.045
0.027	0.027	0.945	0.001
0.054	0.054	0.865	0.027
0.036	0.054	0.071	0.839
0.054	0.598	0.285	0.063
0.054	0.107	0.776	0.063
0.036	0.045	0.054	0.865
0.027	0.898	0.074	0.001
0.045	0.883	0.018	0.054
>GCGATACACTGC	23-GCGATACACTGC	9.170745	-19.082518	0	T:25.0(0.05%),B:6.8(0.01%),P:1e-8	Tpos:99.5,Tstd:48.1,Bpos:113.3,Bstd:37.8,StrandBias:0.8,Multiplicity:1.17
0.101	0.121	0.692	0.086
0.146	0.550	0.154	0.150
0.121	0.168	0.605	0.106
0.649	0.133	0.114	0.104
0.112	0.126	0.160	0.602
0.642	0.123	0.127	0.108
0.100	0.731	0.094	0.075
0.699	0.113	0.082	0.106
0.084	0.724	0.107	0.085
0.145	0.065	0.085	0.705
0.060	0.112	0.729	0.099
0.130	0.671	0.099	0.100
>CATATATAYACA	24-CATATATAYACA	10.795523	-13.435254	0	T:35.0(0.07%),B:14.8(0.03%),P:1e-5	Tpos:98.7,Tstd:58.5,Bpos:75.4,Bstd:29.9,StrandBias:0.7,Multiplicity:1.83
0.018	0.955	0.009	0.018
0.805	0.030	0.087	0.078
0.027	0.009	0.035	0.929
0.679	0.111	0.192	0.018
0.009	0.027	0.017	0.947
0.941	0.031	0.018	0.010
0.009	0.001	0.027	0.963
0.937	0.001	0.044	0.018
0.087	0.339	0.124	0.450
0.569	0.027	0.323	0.081
0.001	0.774	0.027	0.198
0.851	0.035	0.087	0.027
>GAGCAGGGCCAG	25-GAGCAGGGCCAG	12.355432	-9.126518	0	T:24.0(0.05%),B:10.2(0.02%),P:1e-3	Tpos:104.0,Tstd:57.5,Bpos:93.8,Bstd:24.0,StrandBias:0.1,Multiplicity:1.00
0.100	0.100	0.700	0.100
0.700	0.100	0.100	0.100
0.100	0.100	0.700	0.100
0.100	0.700	0.100	0.100
0.700	0.100	0.100	0.100
0.100	0.100	0.700	0.100
0.100	0.100	0.700	0.100
0.100	0.100	0.700	0.100
0.100	0.700	0.100	0.100
0.100	0.700	0.100	0.100
0.700	0.100	0.100	0.100
0.100	0.100	0.700	0.100
>CTGTCCTG	1-CTGTCCTG	5.878237	-178.213492	0	T:23350.0(44.26%),B:21378.3(40.25%),P:1e-77	Tpos:100.2,Tstd:55.9,Bpos:100.7,Bstd:63.6,StrandBias:-0.0,Multiplicity:1.45
0.070	0.833	0.059	0.038
0.132	0.091	0.044	0.733
0.096	0.063	0.814	0.027
0.040	0.291	0.111	0.558
0.076	0.662	0.187	0.075
0.007	0.946	0.010	0.037
0.078	0.103	0.057	0.762
0.062	0.199	0.697	0.042
>TRCACNGT	2-TRCACNGT	5.368688	-114.475203	0	T:14834.0(28.12%),B:13419.6(25.27%),P:1e-49	Tpos:100.2,Tstd:55.8,Bpos:101.2,Bstd:62.7,StrandBias:0.0,Multiplicity:1.20
0.199	0.107	0.001	0.693
0.353	0.100	0.471	0.076
0.001	0.732	0.080	0.187
0.850	0.129	0.001	0.020
0.001	0.997	0.001	0.001
0.213	0.304	0.248	0.236
0.105	0.128	0.766	0.001
0.026	0.001	0.352	0.621
>GACTGCAC	3-GACTGCAC	4.796768	-100.476217	0	T:22958.0(43.52%),B:21525.9(40.53%),P:1e-43	Tpos:99.9,Tstd:56.2,Bpos:100.4,Bstd:62.1,StrandBias:-0.0,Multiplicity:1.23
0.038	0.129	0.772	0.061
0.627	0.131	0.127	0.115
0.104	0.800	0.057	0.039
0.069	0.087	0.070	0.774
0.144	0.042	0.713	0.101
0.082	0.782	0.054	0.082
0.736	0.089	0.041	0.134
0.071	0.800	0.069	0.060
>CACTGTCC	4-CACTGTCC	6.592840	-97.801942	0	T:9083.0(17.22%),B:7987.0(15.04%),P:1e-42	Tpos:99.8,Tstd:55.8,Bpos:99.7,Bstd:63.5,StrandBias:0.0,Multiplicity:1.11
0.029	0.920	0.001	0.050
0.724	0.105	0.014	0.157
0.043	0.716	0.213	0.028
0.080	0.001	0.001	0.918
0.059	0.001	0.921	0.019
0.001	0.001	0.021	0.977
0.012	0.917	0.053	0.018
0.001	0.978	0.001	0.020
>AGSAGAGC	5-AGSAGAGC	5.827487	-97.608422	0	T:21972.0(41.65%),B:20567.7(38.73%),P:1e-42	Tpos:100.5,Tstd:56.0,Bpos:100.3,Bstd:61.4,StrandBias:-0.0,Multiplicity:1.25
0.698	0.001	0.061	0.240
0.029	0.001	0.844	0.126
0.158	0.397	0.443	0.001
0.906	0.001	0.092	0.001
0.130	0.228	0.419	0.222
0.854	0.001	0.144	0.001
0.001	0.078	0.920	0.001
0.048	0.785	0.160	0.007
>GGGTGGCC	6-GGGTGGCC	5.685817	-90.068606	0	T:15852.0(30.05%),B:14587.3(27.47%),P:1e-39	Tpos:100.2,Tstd:55.7,Bpos:99.8,Bstd:62.8,StrandBias:-0.0,Multiplicity:1.23
0.049	0.058	0.857	0.036
0.146	0.015	0.817	0.022
0.070	0.136	0.778	0.016
0.061	0.001	0.001	0.937
0.001	0.022	0.976	0.001
0.113	0.063	0.784	0.040
0.001	0.997	0.001	0.001
0.022	0.976	0.001	0.001
>ACCCGTGG	7-ACCCGTGG	7.210032	-66.051489	0	T:4008.0(7.60%),B:3384.9(6.37%),P:1e-28	Tpos:99.1,Tstd:55.9,Bpos:102.1,Bstd:60.2,StrandBias:0.0,Multiplicity:1.05
0.729	0.106	0.047	0.118
0.058	0.725	0.050	0.167
0.001	0.997	0.001	0.001
0.019	0.979	0.001	0.001
0.166	0.078	0.712	0.044
0.001	0.001	0.019	0.979
0.001	0.001	0.981	0.017
0.001	0.016	0.947	0.036
>TGCATGGA	8-TGCATGGA	4.658395	-56.440887	0	T:20688.0(39.21%),B:19670.5(37.04%),P:1e-24	Tpos:100.2,Tstd:55.8,Bpos:100.1,Bstd:61.5,StrandBias:0.0,Multiplicity:1.31
0.100	0.105	0.043	0.752
0.072	0.022	0.774	0.132
0.074	0.622	0.124	0.180
0.770	0.034	0.097	0.099
0.055	0.083	0.067	0.795
0.214	0.072	0.624	0.090
0.087	0.015	0.853	0.045
0.812	0.065	0.069	0.054
>GAGCCAWC	9-GAGCCAWC	5.673859	-53.586858	0	T:18013.0(34.14%),B:17044.5(32.09%),P:1e-23	Tpos:100.3,Tstd:56.0,Bpos:100.1,Bstd:61.3,StrandBias:0.0,Multiplicity:1.21
0.001	0.001	0.995	0.003
0.751	0.102	0.099	0.048
0.074	0.075	0.850	0.001
0.001	0.734	0.194	0.071
0.001	0.955	0.001	0.043
0.486	0.208	0.122	0.184
0.271	0.253	0.061	0.415
0.034	0.811	0.154	0.001
>CCCKGGGA	10-CCCKGGGA	8.431373	-46.596330	0	T:4198.0(7.96%),B:3667.1(6.90%),P:1e-20	Tpos:99.1,Tstd:56.0,Bpos:100.4,Bstd:59.8,StrandBias:0.1,Multiplicity:1.04
0.001	0.997	0.001	0.001
0.212	0.611	0.001	0.176
0.001	0.997	0.001	0.001
0.001	0.001	0.563	0.435
0.001	0.001	0.838	0.160
0.001	0.001	0.997	0.001
0.001	0.001	0.997	0.001
0.917	0.001	0.001	0.081
>AGCCCGGC	11-AGCCCGGC	7.580717	-42.468549	0	T:5810.0(11.01%),B:5227.5(9.84%),P:1e-18	Tpos:99.2,Tstd:56.0,Bpos:101.0,Bstd:60.0,StrandBias:0.0,Multiplicity:1.10
0.864	0.071	0.044	0.021
0.001	0.001	0.997	0.001
0.001	0.910	0.088	0.001
0.001	0.882	0.074	0.043
0.001	0.788	0.112	0.099
0.089	0.063	0.847	0.001
0.016	0.001	0.982	0.001
0.001	0.834	0.099	0.066
>GAACAWAW	12-GAACAWAW	6.415084	-40.114118	0	T:4106.0(7.78%),B:3621.2(6.82%),P:1e-17	Tpos:100.8,Tstd:55.4,Bpos:99.7,Bstd:57.4,StrandBias:-0.1,Multiplicity:1.06
0.133	0.001	0.764	0.102
0.962	0.001	0.001	0.036
0.756	0.127	0.001	0.116
0.100	0.898	0.001	0.001
0.760	0.077	0.001	0.162
0.399	0.001	0.141	0.459
0.859	0.049	0.001	0.091
0.427	0.001	0.269	0.303
>CSATRCTC	13-CSATRCTC	7.342935	-37.918797	0	T:4580.0(8.68%),B:4086.1(7.69%),P:1e-16	Tpos:100.9,Tstd:55.7,Bpos:101.2,Bstd:61.6,StrandBias:0.0,Multiplicity:1.06
0.001	0.850	0.001	0.148
0.001	0.472	0.526	0.001
0.655	0.343	0.001	0.001
0.001	0.171	0.001	0.827
0.537	0.001	0.461	0.001
0.001	0.997	0.001	0.001
0.001	0.001	0.001	0.997
0.015	0.983	0.001	0.001
>GTTTTAAA	14-GTTTTAAA	6.672302	-37.264240	0	T:2317.0(4.39%),B:1961.2(3.69%),P:1e-16	Tpos:100.6,Tstd:54.5,Bpos:99.9,Bstd:54.3,StrandBias:-0.0,Multiplicity:1.05
0.082	0.001	0.843	0.074
0.001	0.079	0.112	0.808
0.001	0.001	0.030	0.968
0.030	0.001	0.019	0.950
0.039	0.001	0.001	0.959
0.936	0.062	0.001	0.001
0.848	0.001	0.119	0.032
0.816	0.001	0.029	0.154
>BCGTTAAT	15-BCGTTAAT	7.215777	-32.476869	0	T:359.0(0.68%),B:234.4(0.44%),P:1e-14	Tpos:98.9,Tstd:56.9,Bpos:100.7,Bstd:53.2,StrandBias:0.0,Multiplicity:1.01
0.001	0.304	0.371	0.324
0.001	0.835	0.163	0.001
0.091	0.001	0.907	0.001
0.001	0.001	0.001	0.997
0.001	0.001	0.401	0.597
0.735	0.124	0.140	0.001
0.997	0.001	0.001	0.001
0.001	0.194	0.001	0.804
>TTAAATGA	16-TTAAATGA	5.107307	-30.701522	0	T:8330.0(15.79%),B:7770.0(14.63%),P:1e-13	Tpos:99.6,Tstd:55.5,Bpos:100.2,Bstd:58.0,StrandBias:-0.0,Multiplicity:1.19
0.010	0.034	0.163	0.793
0.001	0.153	0.001	0.845
0.788	0.001	0.007	0.204
0.613	0.001	0.209	0.177
0.748	0.001	0.083	0.168
0.098	0.085	0.079	0.738
0.181	0.001	0.765	0.053
0.713	0.111	0.075	0.101
>ACATCGGW	17-ACATCGGW	6.811851	-29.014151	0	T:1481.0(2.81%),B:1231.2(2.32%),P:1e-12	Tpos:99.6,Tstd:56.8,Bpos:98.1,Bstd:57.4,StrandBias:-0.0,Multiplicity:1.03
0.594	0.297	0.108	0.001
0.168	0.830	0.001	0.001
0.957	0.001	0.041	0.001
0.001	0.001	0.001	0.997
0.001	0.997	0.001	0.001
0.001	0.154	0.844	0.001
0.143	0.001	0.855	0.001
0.351	0.107	0.093	0.449
>CATTCGAT	18-CATTCGAT	10.077769	-28.531078	0	T:77.0(0.15%),B:30.7(0.06%),P:1e-12	Tpos:90.6,Tstd:53.0,Bpos:110.9,Bstd:46.6,StrandBias:-0.7,Multiplicity:1.84
0.001	0.627	0.001	0.371
0.997	0.001	0.001	0.001
0.001	0.001	0.001	0.997
0.001	0.001	0.001	0.997
0.001	0.997	0.001	0.001
0.001	0.001	0.997	0.001
0.997	0.001	0.001	0.001
0.001	0.001	0.001	0.997
>GTTCAWGG	19-GTTCAWGG	6.692245	-21.301517	0	T:1461.0(2.77%),B:1251.9(2.36%),P:1e-9	Tpos:101.3,Tstd:56.2,Bpos:101.6,Bstd:59.6,StrandBias:0.2,Multiplicity:1.03
0.001	0.001	0.997	0.001
0.040	0.001	0.001	0.958
0.001	0.001	0.001	0.997
0.001	0.649	0.001	0.349
0.997	0.001	0.001	0.001
0.481	0.001	0.001	0.517
0.001	0.001	0.997	0.001
0.001	0.001	0.997	0.001
>GTGTAGGG	20-GTGTAGGG	7.047480	-20.808594	0	T:981.0(1.86%),B:811.1(1.53%),P:1e-9	Tpos:98.1,Tstd:57.2,Bpos:100.7,Bstd:59.0,StrandBias:0.1,Multiplicity:1.07
0.001	0.001	0.997	0.001
0.001	0.001	0.001	0.997
0.101	0.001	0.897	0.001
0.001	0.001	0.001	0.997
0.809	0.189	0.001	0.001
0.001	0.218	0.780	0.001
0.001	0.001	0.997	0.001
0.001	0.001	0.997	0.001
>GCCGCACC	21-GCCGCACC	8.757993	-18.861514	0	T:693.0(1.31%),B:558.9(1.05%),P:1e-8	Tpos:101.2,Tstd:57.5,Bpos:99.8,Bstd:51.8,StrandBias:-0.0,Multiplicity:1.03
0.001	0.001	0.997	0.001
0.001	0.997	0.001	0.001
0.001	0.997	0.001	0.001
0.001	0.001	0.997	0.001
0.142	0.856	0.001	0.001
0.997	0.001	0.001	0.001
0.001	0.997	0.001	0.001
0.143	0.696	0.001	0.160
>ATGGAATC	22-ATGGAATC	8.236954	-18.615231	0	T:262.0(0.50%),B:182.0(0.34%),P:1e-8	Tpos:96.4,Tstd:56.4,Bpos:99.5,Bstd:60.7,StrandBias:0.2,Multiplicity:1.19
0.700	0.100	0.100	0.100
0.100	0.100	0.100	0.700
0.100	0.100	0.700	0.100
0.100	0.100	0.700	0.100
0.700	0.100	0.100	0.100
0.700	0.100	0.100	0.100
0.100	0.100	0.100	0.700
0.100	0.700	0.100	0.100
>ATACTATA	23-ATACTATA	8.881117	-11.014384	0	T:212.0(0.40%),B:158.1(0.30%),P:1e-4	Tpos:99.6,Tstd:53.3,Bpos:85.7,Bstd:57.0,StrandBias:-0.2,Multiplicity:1.13
0.997	0.001	0.001	0.001
0.001	0.001	0.001	0.997
0.997	0.001	0.001	0.001
0.001	0.745	0.253	0.001
0.001	0.001	0.001	0.997
0.813	0.001	0.001	0.185
0.001	0.184	0.001	0.814
0.997	0.001	0.001	0.001
>GTTTAAAC	24-GTTTAAAC	8.236954	-10.839799	0	T:66.0(0.13%),B:38.0(0.07%),P:1e-4	Tpos:104.3,Tstd:53.3,Bpos:78.0,Bstd:40.0,StrandBias:0.0,Multiplicity:1.00
0.100	0.100	0.700	0.100
0.100	0.100	0.100	0.700
0.100	0.100	0.100	0.700
0.100	0.100	0.100	0.700
0.700	0.100	0.100	0.100
0.700	0.100	0.100	0.100
0.700	0.100	0.100	0.100
0.100	0.700	0.100	0.100
>ATATACCG	25-ATATACCG	8.236954	-5.222916	0	T:15.0(0.03%),B:7.2(0.01%),P:1e-2	Tpos:115.1,Tstd:52.6,Bpos:118.7,Bstd:27.3,StrandBias:0.8,Multiplicity:1.46
0.700	0.100	0.100	0.100
0.100	0.100	0.100	0.700
0.700	0.100	0.100	0.100
0.100	0.100	0.100	0.700
0.700	0.100	0.100	0.100
0.100	0.700	0.100	0.100
0.100	0.700	0.100	0.100
0.100	0.100	0.700	0.100
