>TGCACTGTSC	1-TGCACTGTSC	5.817952	-235.702649	0	T:17534.0(33.24%),B:15363.9(28.93%),P:1e-102	Tpos:99.8,Tstd:55.3,Bpos:100.9,Bstd:63.3,StrandBias:0.0,Multiplicity:1.33
0.318	0.056	0.049	0.577
0.160	0.029	0.808	0.003
0.040	0.641	0.244	0.075
0.580	0.325	0.060	0.035
0.015	0.926	0.044	0.015
0.284	0.057	0.060	0.599
0.012	0.059	0.928	0.001
0.138	0.123	0.166	0.573
0.184	0.363	0.403	0.050
0.004	0.937	0.008	0.051
>GGAYAGCCCT	2-GGAYAGCCCT	5.725147	-179.969179	0	T:19676.0(37.30%),B:17742.0(33.41%),P:1e-78	Tpos:99.8,Tstd:55.4,Bpos:100.1,Bstd:61.1,StrandBias:-0.0,Multiplicity:1.24
0.020	0.001	0.974	0.005
0.027	0.191	0.679	0.103
0.409	0.191	0.197	0.203
0.040	0.347	0.190	0.424
0.499	0.071	0.238	0.192
0.249	0.111	0.639	0.001
0.152	0.846	0.001	0.001
0.236	0.535	0.044	0.185
0.040	0.958	0.001	0.001
0.107	0.179	0.006	0.708
>ACGCTGTCCW	3-ACGCTGTCCW	5.387920	-157.343314	0	T:22506.0(42.66%),B:20670.8(38.92%),P:1e-68	Tpos:100.6,Tstd:55.2,Bpos:100.7,Bstd:62.1,StrandBias:-0.0,Multiplicity:1.30
0.714	0.210	0.020	0.056
0.211	0.541	0.129	0.119
0.277	0.167	0.473	0.083
0.075	0.816	0.087	0.022
0.316	0.156	0.018	0.510
0.048	0.170	0.756	0.026
0.073	0.181	0.090	0.656
0.007	0.606	0.261	0.126
0.058	0.823	0.001	0.118
0.349	0.229	0.003	0.419
>ACCTGCAGAG	4-ACCTGCAGAG	7.485113	-75.444771	0	T:1586.0(3.01%),B:1167.4(2.20%),P:1e-32	Tpos:100.1,Tstd:56.0,Bpos:101.7,Bstd:63.5,StrandBias:-0.2,Multiplicity:1.03
0.501	0.230	0.017	0.252
0.209	0.554	0.215	0.022
0.245	0.468	0.257	0.030
0.127	0.026	0.036	0.811
0.186	0.183	0.586	0.045
0.019	0.781	0.157	0.043
0.637	0.137	0.023	0.203
0.133	0.183	0.557	0.127
0.717	0.087	0.176	0.020
0.104	0.223	0.644	0.029
>GGTCACCGGT	5-GGTCACCGGT	10.753833	-72.417334	0	T:29.0(0.05%),B:1.9(0.00%),P:1e-31	Tpos:103.3,Tstd:51.8,Bpos:111.0,Bstd:50.7,StrandBias:0.2,Multiplicity:1.00
0.001	0.001	0.997	0.001
0.050	0.001	0.940	0.009
0.001	0.001	0.001	0.997
0.001	0.997	0.001	0.001
0.997	0.001	0.001	0.001
0.008	0.990	0.001	0.001
0.001	0.997	0.001	0.001
0.001	0.077	0.921	0.001
0.001	0.001	0.997	0.001
0.001	0.001	0.001	0.997
>NCSATTCGAN	6-NCSATTCGAN	6.355432	-66.960747	0	T:39.0(0.07%),B:3.8(0.01%),P:1e-29	Tpos:83.9,Tstd:50.4,Bpos:86.5,Bstd:58.9,StrandBias:-0.7,Multiplicity:2.33
0.294	0.227	0.207	0.272
0.168	0.478	0.165	0.189
0.162	0.388	0.250	0.200
0.593	0.095	0.175	0.137
0.161	0.112	0.141	0.586
0.175	0.171	0.125	0.529
0.138	0.605	0.142	0.115
0.155	0.091	0.621	0.133
0.606	0.109	0.119	0.166
0.238	0.260	0.182	0.321
>TGGCCGGGST	7-TGGCCGGGST	9.079888	-46.103847	0	T:234.0(0.44%),B:120.6(0.23%),P:1e-20	Tpos:101.5,Tstd:54.4,Bpos:105.8,Bstd:52.0,StrandBias:0.3,Multiplicity:1.02
0.001	0.001	0.001	0.997
0.001	0.001	0.750	0.248
0.001	0.001	0.997	0.001
0.001	0.991	0.007	0.001
0.001	0.997	0.001	0.001
0.001	0.001	0.997	0.001
0.001	0.001	0.967	0.031
0.001	0.006	0.804	0.189
0.005	0.407	0.461	0.127
0.006	0.001	0.001	0.992
>AATGGAATCR	8-AATGGAATCR	12.034202	-41.186166	0	T:60.0(0.11%),B:15.9(0.03%),P:1e-17	Tpos:103.5,Tstd:55.0,Bpos:107.0,Bstd:65.9,StrandBias:0.2,Multiplicity:1.62
0.997	0.001	0.001	0.001
0.997	0.001	0.001	0.001
0.001	0.001	0.001	0.997
0.317	0.001	0.681	0.001
0.001	0.001	0.997	0.001
0.997	0.001	0.001	0.001
0.997	0.001	0.001	0.001
0.001	0.001	0.001	0.997
0.001	0.997	0.001	0.001
0.479	0.001	0.519	0.001
>GTATACATAG	9-GTATACATAG	10.036179	-40.930080	0	T:46.0(0.09%),B:9.2(0.02%),P:1e-17	Tpos:105.8,Tstd:51.0,Bpos:84.4,Bstd:39.2,StrandBias:-0.1,Multiplicity:1.02
0.001	0.001	0.997	0.001
0.001	0.001	0.001	0.997
0.585	0.413	0.001	0.001
0.001	0.001	0.001	0.997
0.997	0.001	0.001	0.001
0.001	0.900	0.098	0.001
0.997	0.001	0.001	0.001
0.001	0.072	0.001	0.926
0.997	0.001	0.001	0.001
0.001	0.413	0.585	0.001
>AAACTCACAC	10-AAACTCACAC	11.205147	-39.551779	0	T:93.0(0.18%),B:33.6(0.06%),P:1e-17	Tpos:105.1,Tstd:57.2,Bpos:107.8,Bstd:55.7,StrandBias:0.3,Multiplicity:1.02
0.997	0.001	0.001	0.001
0.748	0.001	0.250	0.001
0.997	0.001	0.001	0.001
0.001	0.997	0.001	0.001
0.001	0.001	0.001	0.997
0.096	0.902	0.001	0.001
0.997	0.001	0.001	0.001
0.001	0.997	0.001	0.001
0.997	0.001	0.001	0.001
0.001	0.997	0.001	0.001
>TTAGTCGGCA	11-TTAGTCGGCA	10.916943	-34.557493	0	T:17.0(0.03%),B:1.8(0.00%),P:1e-15	Tpos:87.4,Tstd:57.0,Bpos:134.5,Bstd:35.2,StrandBias:2.1,Multiplicity:1.82
0.011	0.011	0.001	0.977
0.130	0.063	0.283	0.524
0.759	0.126	0.033	0.082
0.011	0.265	0.559	0.165
0.157	0.001	0.001	0.841
0.001	0.997	0.001	0.001
0.001	0.033	0.965	0.001
0.011	0.023	0.892	0.074
0.064	0.855	0.001	0.080
0.827	0.139	0.023	0.011
>TTATGGTGTC	12-TTATGGTGTC	7.701541	-31.374175	0	T:30.0(0.06%),B:5.7(0.01%),P:1e-13	Tpos:106.0,Tstd:57.0,Bpos:109.4,Bstd:75.4,StrandBias:0.4,Multiplicity:1.00
0.150	0.182	0.161	0.507
0.164	0.058	0.172	0.606
0.743	0.075	0.103	0.079
0.096	0.144	0.108	0.652
0.203	0.103	0.544	0.150
0.113	0.113	0.653	0.121
0.151	0.142	0.130	0.577
0.207	0.081	0.562	0.150
0.136	0.147	0.113	0.604
0.173	0.553	0.122	0.152
>TTCATGTGAG	13-TTCATGTGAG	10.296193	-31.374175	0	T:30.0(0.06%),B:5.7(0.01%),P:1e-13	Tpos:89.0,Tstd:51.6,Bpos:87.0,Bstd:37.2,StrandBias:-0.1,Multiplicity:1.00
0.100	0.100	0.100	0.700
0.100	0.100	0.100	0.700
0.100	0.700	0.100	0.100
0.700	0.100	0.100	0.100
0.100	0.100	0.100	0.700
0.100	0.100	0.700	0.100
0.100	0.100	0.100	0.700
0.100	0.100	0.700	0.100
0.700	0.100	0.100	0.100
0.100	0.100	0.700	0.100
>GATAATATCA	14-GATAATATCA	10.768997	-30.359770	0	T:37.0(0.07%),B:9.0(0.02%),P:1e-13	Tpos:91.9,Tstd:58.7,Bpos:86.6,Bstd:47.2,StrandBias:0.2,Multiplicity:1.14
0.001	0.001	0.970	0.028
0.994	0.004	0.001	0.001
0.001	0.001	0.001	0.997
0.778	0.065	0.156	0.001
0.786	0.001	0.001	0.212
0.001	0.001	0.001	0.997
0.997	0.001	0.001	0.001
0.001	0.001	0.001	0.997
0.001	0.997	0.001	0.001
0.934	0.064	0.001	0.001
>TAGCCCATCC	15-TAGCCCATCC	10.296193	-27.293895	0	T:22.0(0.04%),B:4.0(0.01%),P:1e-11	Tpos:105.3,Tstd:62.8,Bpos:65.3,Bstd:60.6,StrandBias:0.0,Multiplicity:1.00
0.100	0.100	0.100	0.700
0.700	0.100	0.100	0.100
0.100	0.100	0.700	0.100
0.100	0.700	0.100	0.100
0.100	0.700	0.100	0.100
0.100	0.700	0.100	0.100
0.700	0.100	0.100	0.100
0.100	0.100	0.100	0.700
0.100	0.700	0.100	0.100
0.100	0.700	0.100	0.100
>ACTCACTAGG	16-ACTCACTAGG	10.296193	-25.918060	0	T:18.0(0.03%),B:2.7(0.01%),P:1e-11	Tpos:94.0,Tstd:58.5,Bpos:147.4,Bstd:32.2,StrandBias:0.6,Multiplicity:1.11
0.700	0.100	0.100	0.100
0.100	0.700	0.100	0.100
0.100	0.100	0.100	0.700
0.100	0.700	0.100	0.100
0.700	0.100	0.100	0.100
0.100	0.700	0.100	0.100
0.100	0.100	0.100	0.700
0.700	0.100	0.100	0.100
0.100	0.100	0.700	0.100
0.100	0.100	0.700	0.100
>TTTGAACAAA	17-TTTGAACAAA	10.296193	-24.358979	0	T:26.0(0.05%),B:5.7(0.01%),P:1e-10	Tpos:108.1,Tstd:61.2,Bpos:67.8,Bstd:27.7,StrandBias:0.2,Multiplicity:1.00
0.100	0.100	0.100	0.700
0.100	0.100	0.100	0.700
0.100	0.100	0.100	0.700
0.100	0.100	0.700	0.100
0.700	0.100	0.100	0.100
0.700	0.100	0.100	0.100
0.100	0.700	0.100	0.100
0.700	0.100	0.100	0.100
0.700	0.100	0.100	0.100
0.700	0.100	0.100	0.100
>TGTGCAGCGA	18-TGTGCAGCGA	11.664345	-23.643854	0	T:28.0(0.05%),B:6.0(0.01%),P:1e-10	Tpos:93.2,Tstd:63.0,Bpos:146.9,Bstd:7.8,StrandBias:-0.1,Multiplicity:1.12
0.001	0.001	0.001	0.997
0.001	0.001	0.997	0.001
0.001	0.001	0.001	0.997
0.001	0.001	0.997	0.001
0.001	0.884	0.001	0.114
0.997	0.001	0.001	0.001
0.001	0.001	0.997	0.001
0.001	0.997	0.001	0.001
0.001	0.001	0.997	0.001
0.997	0.001	0.001	0.001
>GAGCTGTACC	19-GAGCTGTACC	10.296193	-23.187863	0	T:30.0(0.06%),B:7.8(0.01%),P:1e-10	Tpos:92.2,Tstd:50.9,Bpos:97.4,Bstd:43.8,StrandBias:0.8,Multiplicity:1.00
0.100	0.100	0.700	0.100
0.700	0.100	0.100	0.100
0.100	0.100	0.700	0.100
0.100	0.700	0.100	0.100
0.100	0.100	0.100	0.700
0.100	0.100	0.700	0.100
0.100	0.100	0.100	0.700
0.700	0.100	0.100	0.100
0.100	0.700	0.100	0.100
0.100	0.700	0.100	0.100
>TGACAGCACG	20-TGACAGCACG	10.454507	-21.553326	0	T:16.0(0.03%),B:2.9(0.01%),P:1e-9	Tpos:96.0,Tstd:52.5,Bpos:111.4,Bstd:6.6,StrandBias:1.8,Multiplicity:1.57
0.001	0.001	0.001	0.997
0.001	0.001	0.964	0.034
0.997	0.001	0.001	0.001
0.001	0.997	0.001	0.001
0.997	0.001	0.001	0.001
0.001	0.001	0.997	0.001
0.001	0.997	0.001	0.001
0.997	0.001	0.001	0.001
0.001	0.997	0.001	0.001
0.001	0.001	0.997	0.001
>CTGGACAGGC	21-CTGGACAGGC	10.296193	-16.106957	0	T:84.0(0.16%),B:45.4(0.09%),P:1e-6	Tpos:90.3,Tstd:56.4,Bpos:95.4,Bstd:63.4,StrandBias:-0.3,Multiplicity:1.00
0.100	0.700	0.100	0.100
0.100	0.100	0.100	0.700
0.100	0.100	0.700	0.100
0.100	0.100	0.700	0.100
0.700	0.100	0.100	0.100
0.100	0.700	0.100	0.100
0.700	0.100	0.100	0.100
0.100	0.100	0.700	0.100
0.100	0.100	0.700	0.100
0.100	0.700	0.100	0.100
>CGGTGTTTAC	22-CGGTGTTTAC	7.678065	-16.071296	0	T:10.0(0.02%),B:1.9(0.00%),P:1e-6	Tpos:98.4,Tstd:56.7,Bpos:92.5,Bstd:6.9,StrandBias:3.9,Multiplicity:3.10
0.123	0.632	0.105	0.140
0.121	0.133	0.647	0.099
0.185	0.132	0.523	0.160
0.108	0.134	0.102	0.656
0.174	0.128	0.558	0.140
0.172	0.108	0.139	0.581
0.176	0.105	0.123	0.596
0.187	0.102	0.133	0.578
0.691	0.088	0.113	0.108
0.148	0.538	0.146	0.168
>TCCTGTGTAA	23-TCCTGTGTAA	10.296193	-14.983291	0	T:20.0(0.04%),B:5.2(0.01%),P:1e-6	Tpos:103.4,Tstd:53.1,Bpos:101.8,Bstd:36.1,StrandBias:0.8,Multiplicity:1.00
0.100	0.100	0.100	0.700
0.100	0.700	0.100	0.100
0.100	0.700	0.100	0.100
0.100	0.100	0.100	0.700
0.100	0.100	0.700	0.100
0.100	0.100	0.100	0.700
0.100	0.100	0.700	0.100
0.100	0.100	0.100	0.700
0.700	0.100	0.100	0.100
0.700	0.100	0.100	0.100
>CCCTCACATA	24-CCCTCACATA	10.296193	-9.858267	0	T:18.0(0.03%),B:6.3(0.01%),P:1e-4	Tpos:106.3,Tstd:52.2,Bpos:45.0,Bstd:26.3,StrandBias:-1.1,Multiplicity:1.65
0.100	0.700	0.100	0.100
0.100	0.700	0.100	0.100
0.100	0.700	0.100	0.100
0.100	0.100	0.100	0.700
0.100	0.700	0.100	0.100
0.700	0.100	0.100	0.100
0.100	0.700	0.100	0.100
0.700	0.100	0.100	0.100
0.100	0.100	0.100	0.700
0.700	0.100	0.100	0.100
>ACCGTCAGAC	25-ACCGTCAGAC	10.796743	-6.635543	0	T:15.0(0.03%),B:6.7(0.01%),P:1e-2	Tpos:99.7,Tstd:60.5,Bpos:137.2,Bstd:19.4,StrandBias:1.4,Multiplicity:1.73
0.997	0.001	0.001	0.001
0.001	0.949	0.001	0.049
0.001	0.997	0.001	0.001
0.001	0.001	0.997	0.001
0.001	0.001	0.001	0.997
0.009	0.981	0.001	0.009
0.997	0.001	0.001	0.001
0.001	0.001	0.990	0.008
0.997	0.001	0.001	0.001
0.001	0.997	0.001	0.001
