>ATTCCATTCGAT	1-ATTCCATTCGAT	11.951161	-196.737900	0	T:47.0(0.43%),B:1.4(0.00%),P:1e-85	Tpos:100.7,Tstd:55.9,Bpos:155.9,Bstd:29.2,StrandBias:-1.9,Multiplicity:4.04
0.967	0.001	0.007	0.025
0.011	0.001	0.086	0.902
0.081	0.004	0.001	0.914
0.027	0.857	0.088	0.028
0.012	0.660	0.188	0.140
0.862	0.031	0.098	0.009
0.001	0.009	0.114	0.876
0.007	0.001	0.087	0.905
0.092	0.743	0.021	0.144
0.183	0.228	0.568	0.021
0.888	0.001	0.054	0.057
0.052	0.024	0.080	0.844
>GATTCYATTCGA	2-GATTCYATTCGA	10.143659	-188.670584	0	T:65.0(0.60%),B:5.7(0.01%),P:1e-81	Tpos:114.2,Tstd:57.3,Bpos:95.8,Bstd:55.0,StrandBias:-2.6,Multiplicity:1.25
0.021	0.018	0.949	0.012
0.765	0.012	0.018	0.205
0.012	0.012	0.154	0.822
0.018	0.015	0.191	0.776
0.092	0.471	0.147	0.289
0.015	0.434	0.006	0.545
0.559	0.118	0.133	0.190
0.166	0.129	0.001	0.704
0.138	0.179	0.012	0.671
0.001	0.710	0.153	0.136
0.019	0.006	0.781	0.194
0.627	0.001	0.366	0.006
>CAMAGTACTGTT	3-CAMAGTACTGTT	10.682948	-186.516021	0	T:45.0(0.41%),B:1.9(0.00%),P:1e-81	Tpos:123.8,Tstd:52.5,Bpos:59.2,Bstd:22.1,StrandBias:3.4,Multiplicity:1.00
0.141	0.587	0.167	0.105
0.819	0.083	0.019	0.079
0.290	0.401	0.069	0.239
0.580	0.004	0.306	0.110
0.030	0.120	0.694	0.156
0.120	0.222	0.107	0.551
0.571	0.220	0.091	0.118
0.061	0.757	0.053	0.129
0.094	0.010	0.026	0.870
0.047	0.032	0.832	0.089
0.078	0.202	0.068	0.652
0.043	0.121	0.055	0.781
>GAGTAGACAGCA	4-GAGTAGACAGCA	12.936510	-166.341149	0	T:41.0(0.38%),B:0.7(0.00%),P:1e-72	Tpos:129.3,Tstd:42.6,Bpos:142.0,Bstd:0.0,StrandBias:3.2,Multiplicity:1.02
0.001	0.108	0.890	0.001
0.890	0.108	0.001	0.001
0.001	0.001	0.997	0.001
0.001	0.001	0.001	0.997
0.672	0.218	0.001	0.109
0.296	0.001	0.702	0.001
0.890	0.108	0.001	0.001
0.001	0.997	0.001	0.001
0.997	0.001	0.001	0.001
0.001	0.108	0.890	0.001
0.001	0.844	0.046	0.109
0.733	0.001	0.265	0.001
>NGCTGAGTCATN	5-NGCTGAGTCATN	10.008590	-163.945476	0	T:242.0(2.22%),B:209.6(0.54%),P:1e-71	Tpos:103.0,Tstd:55.4,Bpos:106.5,Bstd:57.5,StrandBias:0.1,Multiplicity:1.06
0.237	0.250	0.224	0.290
0.188	0.213	0.380	0.219
0.248	0.496	0.255	0.001
0.001	0.001	0.001	0.997
0.001	0.001	0.997	0.001
0.997	0.001	0.001	0.001
0.001	0.411	0.587	0.001
0.001	0.001	0.001	0.997
0.001	0.997	0.001	0.001
0.997	0.001	0.001	0.001
0.001	0.312	0.177	0.510
0.239	0.294	0.263	0.205
>CTAATCAHCYTC	6-CTAATCAHCYTC	10.041351	-160.005800	0	T:46.0(0.42%),B:2.8(0.01%),P:1e-69	Tpos:92.9,Tstd:42.7,Bpos:118.0,Bstd:68.4,StrandBias:3.8,Multiplicity:1.00
0.299	0.646	0.017	0.038
0.017	0.244	0.029	0.710
0.586	0.025	0.021	0.368
0.711	0.017	0.255	0.017
0.227	0.027	0.192	0.554
0.169	0.581	0.212	0.038
0.752	0.222	0.013	0.013
0.359	0.359	0.029	0.253
0.033	0.564	0.025	0.378
0.134	0.377	0.013	0.477
0.017	0.021	0.038	0.924
0.004	0.749	0.226	0.021
>TCCATTCGATGA	7-TCCATTCGATGA	11.039334	-160.005800	0	T:46.0(0.42%),B:2.4(0.01%),P:1e-69	Tpos:94.5,Tstd:49.7,Bpos:87.4,Bstd:58.2,StrandBias:-1.7,Multiplicity:1.85
0.001	0.001	0.001	0.997
0.042	0.611	0.042	0.305
0.001	0.913	0.001	0.085
0.766	0.001	0.213	0.020
0.001	0.001	0.001	0.997
0.020	0.088	0.001	0.891
0.001	0.739	0.001	0.259
0.218	0.020	0.761	0.001
0.978	0.001	0.020	0.001
0.083	0.083	0.001	0.833
0.001	0.001	0.997	0.001
0.775	0.001	0.001	0.223
>GATGATTCCATT	8-GATGATTCCATT	13.429652	-151.213654	0	T:44.0(0.40%),B:2.6(0.01%),P:1e-65	Tpos:98.7,Tstd:57.5,Bpos:90.2,Bstd:15.5,StrandBias:-1.6,Multiplicity:1.63
0.076	0.001	0.922	0.001
0.968	0.001	0.001	0.030
0.007	0.077	0.001	0.915
0.077	0.001	0.915	0.007
0.992	0.001	0.006	0.001
0.006	0.001	0.001	0.992
0.001	0.006	0.001	0.992
0.018	0.763	0.212	0.007
0.001	0.981	0.001	0.017
0.992	0.001	0.001	0.006
0.001	0.006	0.001	0.992
0.001	0.007	0.077	0.915
>GTCAACAGCYMA	9-GTCAACAGCYMA	12.229535	-151.213654	0	T:44.0(0.40%),B:2.7(0.01%),P:1e-65	Tpos:119.1,Tstd:44.3,Bpos:142.4,Bstd:50.1,StrandBias:4.4,Multiplicity:1.00
0.054	0.044	0.833	0.069
0.001	0.074	0.069	0.856
0.074	0.699	0.107	0.120
0.858	0.044	0.039	0.059
0.768	0.059	0.061	0.112
0.049	0.554	0.377	0.020
0.816	0.044	0.059	0.081
0.095	0.083	0.783	0.039
0.099	0.756	0.086	0.059
0.026	0.480	0.020	0.474
0.547	0.413	0.020	0.020
0.787	0.100	0.059	0.054
>AAGGTACTCTCT	10-AAGGTACTCTCT	14.355158	-142.511739	0	T:42.0(0.38%),B:2.7(0.01%),P:1e-61	Tpos:103.1,Tstd:40.8,Bpos:158.3,Bstd:5.1,StrandBias:3.7,Multiplicity:1.00
0.632	0.001	0.366	0.001
0.997	0.001	0.001	0.001
0.001	0.001	0.997	0.001
0.001	0.001	0.997	0.001
0.001	0.001	0.366	0.632
0.997	0.001	0.001	0.001
0.001	0.997	0.001	0.001
0.001	0.001	0.001	0.997
0.001	0.997	0.001	0.001
0.263	0.001	0.001	0.735
0.001	0.997	0.001	0.001
0.001	0.001	0.001	0.997
>TCTRTCKGGTSA	11-TCTRTCKGGTSA	11.719821	-141.672084	0	T:36.0(0.33%),B:1.5(0.00%),P:1e-61	Tpos:63.9,Tstd:49.2,Bpos:114.2,Bstd:27.4,StrandBias:2.7,Multiplicity:1.06
0.069	0.011	0.058	0.862
0.001	0.954	0.001	0.044
0.001	0.079	0.001	0.919
0.310	0.207	0.449	0.034
0.241	0.046	0.217	0.496
0.045	0.782	0.013	0.160
0.091	0.001	0.474	0.434
0.001	0.010	0.988	0.001
0.228	0.046	0.725	0.001
0.139	0.001	0.046	0.814
0.001	0.505	0.493	0.001
0.897	0.068	0.034	0.001
>TTCGTGTTCCAA	12-TTCGTGTTCCAA	12.383947	-141.672084	0	T:36.0(0.33%),B:1.0(0.00%),P:1e-61	Tpos:66.6,Tstd:42.3,Bpos:83.0,Bstd:0.0,StrandBias:-3.5,Multiplicity:1.00
0.001	0.102	0.001	0.896
0.001	0.205	0.103	0.691
0.103	0.793	0.001	0.103
0.205	0.072	0.722	0.001
0.001	0.001	0.102	0.896
0.102	0.001	0.896	0.001
0.001	0.102	0.001	0.896
0.001	0.103	0.103	0.793
0.001	0.997	0.001	0.001
0.001	0.997	0.001	0.001
0.896	0.102	0.001	0.001
0.793	0.001	0.205	0.001
>CTGTAGGGCTGG	13-CTGTAGGGCTGG	12.355432	-131.991968	0	T:34.0(0.31%),B:1.5(0.00%),P:1e-57	Tpos:135.6,Tstd:48.6,Bpos:143.0,Bstd:0.0,StrandBias:2.9,Multiplicity:1.00
0.100	0.700	0.100	0.100
0.100	0.100	0.100	0.700
0.100	0.100	0.700	0.100
0.100	0.100	0.100	0.700
0.700	0.100	0.100	0.100
0.100	0.100	0.700	0.100
0.100	0.100	0.700	0.100
0.100	0.100	0.700	0.100
0.100	0.700	0.100	0.100
0.100	0.100	0.100	0.700
0.100	0.100	0.700	0.100
0.100	0.100	0.700	0.100
>GGAAGACAMGGT	14-GGAAGACAMGGT	14.083455	-121.180494	0	T:37.0(0.34%),B:2.6(0.01%),P:1e-52	Tpos:76.4,Tstd:33.2,Bpos:54.2,Bstd:16.8,StrandBias:2.7,Multiplicity:1.00
0.001	0.001	0.997	0.001
0.001	0.001	0.997	0.001
0.997	0.001	0.001	0.001
0.997	0.001	0.001	0.001
0.001	0.001	0.997	0.001
0.997	0.001	0.001	0.001
0.001	0.632	0.001	0.366
0.733	0.265	0.001	0.001
0.478	0.520	0.001	0.001
0.001	0.001	0.997	0.001
0.001	0.001	0.997	0.001
0.001	0.001	0.001	0.997
>CCTAAGTCAGGC	15-CCTAAGTCAGGC	12.355432	-117.692078	0	T:31.0(0.28%),B:0.9(0.00%),P:1e-51	Tpos:138.4,Tstd:48.6,Bpos:190.0,Bstd:0.0,StrandBias:3.9,Multiplicity:1.00
0.100	0.700	0.100	0.100
0.100	0.700	0.100	0.100
0.100	0.100	0.100	0.700
0.700	0.100	0.100	0.100
0.700	0.100	0.100	0.100
0.100	0.100	0.700	0.100
0.100	0.100	0.100	0.700
0.100	0.700	0.100	0.100
0.700	0.100	0.100	0.100
0.100	0.100	0.700	0.100
0.100	0.100	0.700	0.100
0.100	0.700	0.100	0.100
>ATAGGGGTGATT	16-ATAGGGGTGATT	8.705964	-116.991799	0	T:36.0(0.33%),B:2.5(0.01%),P:1e-50	Tpos:67.8,Tstd:32.8,Bpos:159.5,Bstd:10.4,StrandBias:-3.5,Multiplicity:1.00
0.651	0.126	0.102	0.121
0.122	0.145	0.135	0.598
0.670	0.103	0.109	0.118
0.129	0.076	0.699	0.096
0.131	0.090	0.672	0.107
0.110	0.085	0.687	0.118
0.114	0.125	0.668	0.093
0.114	0.098	0.126	0.662
0.092	0.116	0.674	0.118
0.658	0.113	0.115	0.114
0.106	0.111	0.124	0.659
0.096	0.105	0.099	0.700
>AGTTCAAGATAA	17-AGTTCAAGATAA	16.503130	-85.494083	0	T:24.0(0.22%),B:1.5(0.00%),P:1e-37	Tpos:141.2,Tstd:53.2,Bpos:119.0,Bstd:0.0,StrandBias:3.5,Multiplicity:1.00
0.997	0.001	0.001	0.001
0.001	0.001	0.984	0.014
0.001	0.015	0.015	0.969
0.001	0.001	0.001	0.997
0.001	0.997	0.001	0.001
0.984	0.014	0.001	0.001
0.997	0.001	0.001	0.001
0.015	0.015	0.969	0.001
0.984	0.001	0.014	0.001
0.001	0.001	0.001	0.997
0.997	0.001	0.001	0.001
0.997	0.001	0.001	0.001
>TGCCGGCGTCAA	18-TGCCGGCGTCAA	12.649060	-72.924153	0	T:25.0(0.23%),B:2.3(0.01%),P:1e-31	Tpos:39.2,Tstd:31.4,Bpos:139.5,Bstd:59.0,StrandBias:2.4,Multiplicity:1.00
0.001	0.001	0.001	0.997
0.001	0.001	0.997	0.001
0.001	0.997	0.001	0.001
0.001	0.884	0.114	0.001
0.001	0.001	0.688	0.310
0.001	0.001	0.997	0.001
0.114	0.771	0.001	0.114
0.114	0.001	0.771	0.114
0.002	0.002	0.422	0.574
0.001	0.997	0.001	0.001
0.884	0.001	0.001	0.114
0.770	0.228	0.001	0.001
>KGGGCGGGGCTA	19-KGGGCGGGGCTA	9.126320	-47.434657	0	T:808.0(7.40%),B:2043.9(5.27%),P:1e-20	Tpos:101.7,Tstd:54.7,Bpos:87.9,Bstd:57.3,StrandBias:0.0,Multiplicity:1.29
0.101	0.029	0.492	0.378
0.025	0.044	0.906	0.025
0.032	0.039	0.897	0.032
0.054	0.042	0.888	0.016
0.109	0.716	0.038	0.137
0.078	0.031	0.827	0.064
0.035	0.027	0.897	0.041
0.055	0.015	0.884	0.046
0.030	0.036	0.873	0.061
0.034	0.791	0.058	0.117
0.089	0.232	0.103	0.576
0.534	0.139	0.162	0.165
>GTGAGGGTGGAT	20-GTGAGGGTGGAT	12.780953	-39.553330	0	T:21.0(0.19%),B:5.5(0.01%),P:1e-17	Tpos:92.9,Tstd:59.2,Bpos:109.9,Bstd:53.2,StrandBias:0.3,Multiplicity:2.05
0.001	0.211	0.787	0.001
0.001	0.155	0.001	0.843
0.001	0.001	0.997	0.001
0.843	0.155	0.001	0.001
0.001	0.001	0.997	0.001
0.001	0.001	0.997	0.001
0.001	0.001	0.997	0.001
0.001	0.001	0.001	0.997
0.001	0.001	0.997	0.001
0.001	0.001	0.997	0.001
0.997	0.001	0.001	0.001
0.211	0.001	0.001	0.787
>GAKATTATCATC	21-GAKATTATCATC	14.335730	-31.704906	0	T:11.0(0.10%),B:1.5(0.00%),P:1e-13	Tpos:108.9,Tstd:51.1,Bpos:139.0,Bstd:13.2,StrandBias:1.2,Multiplicity:2.36
0.001	0.005	0.993	0.001
0.993	0.001	0.001	0.005
0.001	0.001	0.449	0.549
0.632	0.001	0.001	0.366
0.001	0.001	0.001	0.997
0.001	0.001	0.001	0.997
0.632	0.001	0.001	0.366
0.001	0.001	0.001	0.997
0.001	0.997	0.001	0.001
0.997	0.001	0.001	0.001
0.001	0.001	0.001	0.997
0.001	0.997	0.001	0.001
>TGCAAATTTAGG	22-TGCAAATTTAGG	13.377917	-24.463419	0	T:9.0(0.08%),B:0.6(0.00%),P:1e-10	Tpos:98.2,Tstd:54.0,Bpos:97.2,Bstd:42.2,StrandBias:3.5,Multiplicity:2.67
0.001	0.001	0.211	0.787
0.001	0.001	0.787	0.211
0.001	0.885	0.113	0.001
0.787	0.001	0.211	0.001
0.997	0.001	0.001	0.001
0.943	0.055	0.001	0.001
0.001	0.001	0.001	0.997
0.001	0.001	0.055	0.943
0.001	0.001	0.001	0.997
0.787	0.211	0.001	0.001
0.001	0.001	0.997	0.001
0.129	0.001	0.869	0.001
>TGTAGGGACCTC	23-TGTAGGGACCTC	12.626579	-20.995024	0	T:8.0(0.07%),B:1.5(0.00%),P:1e-9	Tpos:98.2,Tstd:54.4,Bpos:171.0,Bstd:0.0,StrandBias:3.5,Multiplicity:3.00
0.001	0.001	0.001	0.997
0.001	0.001	0.997	0.001
0.001	0.001	0.001	0.997
0.977	0.001	0.001	0.021
0.001	0.001	0.997	0.001
0.001	0.001	0.997	0.001
0.001	0.001	0.997	0.001
0.997	0.001	0.001	0.001
0.021	0.977	0.001	0.001
0.001	0.909	0.001	0.089
0.001	0.001	0.001	0.997
0.001	0.997	0.001	0.001
>GAGCTTCCTCAC	24-GAGCTTCCTCAC	12.738357	-13.276293	0	T:11.0(0.10%),B:6.7(0.02%),P:1e-5	Tpos:103.5,Tstd:52.1,Bpos:95.4,Bstd:55.6,StrandBias:-1.8,Multiplicity:2.09
0.001	0.001	0.975	0.023
0.997	0.001	0.001	0.001
0.001	0.001	0.997	0.001
0.001	0.997	0.001	0.001
0.001	0.024	0.024	0.951
0.001	0.001	0.023	0.975
0.001	0.997	0.001	0.001
0.001	0.997	0.001	0.001
0.001	0.001	0.001	0.997
0.001	0.975	0.023	0.001
0.997	0.001	0.001	0.001
0.001	0.997	0.001	0.001
>TATATATATRTA	25-TATATATATRTA	6.036684	-2.334777	0	T:323.0(2.96%),B:1066.5(2.75%),P:1e-1	Tpos:101.3,Tstd:55.4,Bpos:96.8,Bstd:57.7,StrandBias:0.1,Multiplicity:1.51
0.013	0.234	0.004	0.749
0.583	0.019	0.385	0.013
0.013	0.157	0.024	0.806
0.638	0.017	0.326	0.019
0.001	0.001	0.014	0.984
0.671	0.035	0.293	0.001
0.008	0.013	0.001	0.978
0.596	0.011	0.354	0.039
0.004	0.287	0.004	0.705
0.511	0.001	0.454	0.034
0.031	0.009	0.053	0.907
0.681	0.001	0.314	0.004
