>MTGASTCATC	1-MTGASTCATC	6.769742	-209.005665	0	T:448.0(4.10%),B:517.3(1.33%),P:1e-90	Tpos:100.8,Tstd:54.6,Bpos:103.2,Bstd:58.3,StrandBias:0.1,Multiplicity:1.08
0.413	0.274	0.171	0.142
0.078	0.131	0.071	0.720
0.101	0.044	0.689	0.166
0.832	0.071	0.022	0.075
0.099	0.393	0.462	0.046
0.088	0.108	0.104	0.700
0.345	0.503	0.084	0.068
0.763	0.024	0.087	0.126
0.204	0.075	0.275	0.447
0.140	0.526	0.176	0.158
>ATTCCATTCG	2-ATTCCATTCG	13.139855	-171.349978	0	T:42.0(0.38%),B:1.5(0.00%),P:1e-74	Tpos:100.6,Tstd:53.7,Bpos:48.0,Bstd:0.0,StrandBias:-2.3,Multiplicity:1.52
0.997	0.001	0.001	0.001
0.001	0.001	0.005	0.993
0.016	0.001	0.002	0.981
0.011	0.951	0.034	0.004
0.001	0.981	0.002	0.016
0.992	0.006	0.001	0.001
0.003	0.001	0.001	0.995
0.001	0.008	0.020	0.971
0.084	0.702	0.016	0.198
0.070	0.133	0.796	0.001
>TCSATTCGAT	3-TCSATTCGAT	8.272134	-166.341149	0	T:41.0(0.38%),B:1.3(0.00%),P:1e-72	Tpos:95.6,Tstd:54.4,Bpos:162.0,Bstd:0.0,StrandBias:-2.1,Multiplicity:2.66
0.211	0.067	0.088	0.634
0.107	0.538	0.126	0.229
0.120	0.318	0.445	0.117
0.764	0.081	0.094	0.061
0.349	0.085	0.062	0.504
0.089	0.112	0.070	0.729
0.059	0.578	0.295	0.068
0.109	0.180	0.647	0.064
0.758	0.071	0.092	0.079
0.309	0.096	0.062	0.533
>CACGTCAAGA	4-CACGTCAAGA	9.965623	-166.341149	0	T:41.0(0.38%),B:2.0(0.01%),P:1e-72	Tpos:116.9,Tstd:42.3,Bpos:86.7,Bstd:82.6,StrandBias:3.2,Multiplicity:1.00
0.001	0.997	0.001	0.001
0.997	0.001	0.001	0.001
0.001	0.997	0.001	0.001
0.001	0.001	0.997	0.001
0.001	0.001	0.001	0.997
0.001	0.997	0.001	0.001
0.990	0.001	0.008	0.001
0.997	0.001	0.001	0.001
0.021	0.001	0.977	0.001
0.997	0.001	0.001	0.001
>GCTTATCACG	5-GCTTATCACG	11.588578	-151.213654	0	T:44.0(0.40%),B:2.9(0.01%),P:1e-65	Tpos:92.5,Tstd:40.1,Bpos:127.1,Bstd:76.9,StrandBias:3.8,Multiplicity:1.00
0.001	0.001	0.997	0.001
0.001	0.997	0.001	0.001
0.001	0.366	0.001	0.632
0.001	0.001	0.001	0.997
0.997	0.001	0.001	0.001
0.001	0.001	0.001	0.997
0.001	0.997	0.001	0.001
0.632	0.001	0.001	0.366
0.001	0.997	0.001	0.001
0.001	0.263	0.735	0.001
>TAAGGTACTC	6-TAAGGTACTC	10.296193	-133.904282	0	T:40.0(0.37%),B:2.8(0.01%),P:1e-58	Tpos:101.6,Tstd:42.0,Bpos:161.0,Bstd:4.1,StrandBias:4.2,Multiplicity:1.00
0.100	0.100	0.100	0.700
0.700	0.100	0.100	0.100
0.700	0.100	0.100	0.100
0.100	0.100	0.700	0.100
0.100	0.100	0.700	0.100
0.100	0.100	0.100	0.700
0.700	0.100	0.100	0.100
0.100	0.700	0.100	0.100
0.100	0.100	0.100	0.700
0.100	0.700	0.100	0.100
>GAATATCACG	7-GAATATCACG	11.012495	-102.668020	0	T:36.0(0.33%),B:3.9(0.01%),P:1e-44	Tpos:73.7,Tstd:39.6,Bpos:118.1,Bstd:41.2,StrandBias:4.1,Multiplicity:1.00
0.001	0.001	0.787	0.211
0.787	0.001	0.211	0.001
0.787	0.211	0.001	0.001
0.001	0.001	0.001	0.997
0.997	0.001	0.001	0.001
0.001	0.001	0.001	0.997
0.001	0.997	0.001	0.001
0.787	0.001	0.211	0.001
0.001	0.997	0.001	0.001
0.001	0.153	0.845	0.001
>GTACTGTTCC	8-GTACTGTTCC	10.296193	-101.449209	0	T:41.0(0.38%),B:5.9(0.02%),P:1e-44	Tpos:129.1,Tstd:45.2,Bpos:145.4,Bstd:33.5,StrandBias:3.7,Multiplicity:1.00
0.100	0.100	0.700	0.100
0.100	0.100	0.100	0.700
0.700	0.100	0.100	0.100
0.100	0.700	0.100	0.100
0.100	0.100	0.100	0.700
0.100	0.100	0.700	0.100
0.100	0.100	0.100	0.700
0.100	0.100	0.100	0.700
0.100	0.700	0.100	0.100
0.100	0.700	0.100	0.100
>CTATCGTGAA	9-CTATCGTGAA	10.789249	-81.752534	0	T:54.0(0.49%),B:18.4(0.05%),P:1e-35	Tpos:101.2,Tstd:53.2,Bpos:90.3,Bstd:41.1,StrandBias:0.4,Multiplicity:1.24
0.001	0.844	0.001	0.154
0.001	0.001	0.001	0.997
0.997	0.001	0.001	0.001
0.001	0.001	0.001	0.997
0.001	0.997	0.001	0.001
0.001	0.001	0.579	0.419
0.001	0.001	0.266	0.732
0.001	0.001	0.997	0.001
0.997	0.001	0.001	0.001
0.997	0.001	0.001	0.001
>CGGKKMAGTA	10-CGGKKMAGTA	10.931152	-75.469906	0	T:35.0(0.32%),B:6.6(0.02%),P:1e-32	Tpos:59.1,Tstd:50.8,Bpos:107.7,Bstd:35.1,StrandBias:3.5,Multiplicity:1.06
0.001	0.997	0.001	0.001
0.001	0.001	0.997	0.001
0.031	0.001	0.967	0.001
0.001	0.001	0.492	0.506
0.050	0.001	0.407	0.542
0.457	0.540	0.001	0.002
0.558	0.034	0.001	0.407
0.050	0.001	0.899	0.050
0.001	0.001	0.001	0.997
0.997	0.001	0.001	0.001
>TCCATTCGAT	11-TCCATTCGAT	10.563070	-72.912761	0	T:48.0(0.44%),B:16.7(0.04%),P:1e-31	Tpos:106.4,Tstd:53.2,Bpos:117.3,Bstd:43.3,StrandBias:-2.4,Multiplicity:2.24
0.204	0.001	0.052	0.743
0.010	0.753	0.001	0.236
0.095	0.852	0.052	0.001
0.885	0.082	0.032	0.001
0.001	0.041	0.001	0.957
0.019	0.001	0.001	0.979
0.001	0.699	0.135	0.165
0.269	0.042	0.647	0.042
0.893	0.001	0.001	0.105
0.001	0.019	0.001	0.979
>CTGCGGCAAT	12-CTGCGGCAAT	10.296193	-65.372938	0	T:23.0(0.21%),B:2.9(0.01%),P:1e-28	Tpos:34.7,Tstd:22.3,Bpos:129.8,Bstd:40.5,StrandBias:3.4,Multiplicity:1.00
0.100	0.700	0.100	0.100
0.100	0.100	0.100	0.700
0.100	0.100	0.700	0.100
0.100	0.700	0.100	0.100
0.100	0.100	0.700	0.100
0.100	0.100	0.700	0.100
0.100	0.700	0.100	0.100
0.700	0.100	0.100	0.100
0.700	0.100	0.100	0.100
0.100	0.100	0.100	0.700
>TAAGTCAGGC	13-TAAGTCAGGC	10.296193	-64.613583	0	T:33.0(0.30%),B:7.7(0.02%),P:1e-28	Tpos:135.4,Tstd:49.7,Bpos:137.3,Bstd:45.9,StrandBias:4.0,Multiplicity:1.00
0.100	0.100	0.100	0.700
0.700	0.100	0.100	0.100
0.700	0.100	0.100	0.100
0.100	0.100	0.700	0.100
0.100	0.100	0.100	0.700
0.100	0.700	0.100	0.100
0.700	0.100	0.100	0.100
0.100	0.100	0.700	0.100
0.100	0.100	0.700	0.100
0.100	0.700	0.100	0.100
>CTTGGCTTGG	14-CTTGGCTTGG	10.774810	-63.145833	0	T:65.0(0.60%),B:40.7(0.10%),P:1e-27	Tpos:116.4,Tstd:45.8,Bpos:88.2,Bstd:53.6,StrandBias:-1.6,Multiplicity:1.00
0.001	0.997	0.001	0.001
0.001	0.001	0.001	0.997
0.001	0.001	0.001	0.997
0.001	0.001	0.997	0.001
0.100	0.001	0.898	0.001
0.001	0.997	0.001	0.001
0.001	0.001	0.001	0.997
0.001	0.001	0.001	0.997
0.001	0.052	0.946	0.001
0.001	0.001	0.997	0.001
>ACTTGGAACA	15-ACTTGGAACA	10.296193	-60.479080	0	T:33.0(0.30%),B:8.1(0.02%),P:1e-26	Tpos:53.3,Tstd:29.3,Bpos:121.3,Bstd:65.2,StrandBias:5.0,Multiplicity:1.00
0.700	0.100	0.100	0.100
0.100	0.700	0.100	0.100
0.100	0.100	0.100	0.700
0.100	0.100	0.100	0.700
0.100	0.100	0.700	0.100
0.100	0.100	0.700	0.100
0.700	0.100	0.100	0.100
0.700	0.100	0.100	0.100
0.100	0.700	0.100	0.100
0.700	0.100	0.100	0.100
>TCCGCCCTTA	16-TCCGCCCTTA	6.430017	-57.775339	0	T:1398.0(12.81%),B:3766.6(9.72%),P:1e-25	Tpos:97.8,Tstd:55.2,Bpos:96.5,Bstd:57.7,StrandBias:0.1,Multiplicity:1.16
0.055	0.064	0.043	0.838
0.040	0.826	0.123	0.011
0.075	0.822	0.059	0.044
0.158	0.072	0.705	0.065
0.057	0.814	0.065	0.064
0.046	0.895	0.029	0.030
0.050	0.895	0.023	0.032
0.103	0.094	0.026	0.777
0.060	0.203	0.086	0.651
0.780	0.097	0.086	0.037
>TAGGGCTGGC	17-TAGGGCTGGC	10.296193	-52.456298	0	T:37.0(0.34%),B:14.2(0.04%),P:1e-22	Tpos:136.1,Tstd:52.2,Bpos:101.9,Bstd:41.1,StrandBias:2.4,Multiplicity:1.00
0.100	0.100	0.100	0.700
0.700	0.100	0.100	0.100
0.100	0.100	0.700	0.100
0.100	0.100	0.700	0.100
0.100	0.100	0.700	0.100
0.100	0.700	0.100	0.100
0.100	0.100	0.100	0.700
0.100	0.100	0.700	0.100
0.100	0.100	0.700	0.100
0.100	0.700	0.100	0.100
>TCGAATAACA	18-TCGAATAACA	10.329344	-43.808197	0	T:17.0(0.16%),B:2.8(0.01%),P:1e-19	Tpos:130.4,Tstd:49.3,Bpos:187.0,Bstd:3.6,StrandBias:2.8,Multiplicity:1.00
0.001	0.001	0.001	0.997
0.001	0.997	0.001	0.001
0.001	0.001	0.997	0.001
0.997	0.001	0.001	0.001
0.997	0.001	0.001	0.001
0.001	0.030	0.001	0.968
0.997	0.001	0.001	0.001
0.997	0.001	0.001	0.001
0.001	0.997	0.001	0.001
0.997	0.001	0.001	0.001
>GGCGTTTTTT	19-GGCGTTTTTT	10.296193	-37.047397	0	T:15.0(0.14%),B:2.9(0.01%),P:1e-16	Tpos:70.5,Tstd:32.4,Bpos:75.4,Bstd:46.6,StrandBias:3.8,Multiplicity:1.00
0.100	0.100	0.700	0.100
0.100	0.100	0.700	0.100
0.100	0.700	0.100	0.100
0.100	0.100	0.700	0.100
0.100	0.100	0.100	0.700
0.100	0.100	0.100	0.700
0.100	0.100	0.100	0.700
0.100	0.100	0.100	0.700
0.100	0.100	0.100	0.700
0.100	0.100	0.100	0.700
>TTCCATTCGA	20-TTCCATTCGA	6.539070	-36.106124	0	T:82.0(0.75%),B:101.3(0.26%),P:1e-15	Tpos:100.8,Tstd:56.3,Bpos:95.0,Bstd:49.0,StrandBias:-1.4,Multiplicity:2.34
0.212	0.158	0.179	0.451
0.148	0.152	0.161	0.539
0.133	0.575	0.109	0.183
0.112	0.598	0.155	0.135
0.624	0.098	0.145	0.133
0.166	0.125	0.115	0.594
0.164	0.105	0.117	0.614
0.167	0.592	0.141	0.100
0.114	0.126	0.712	0.048
0.487	0.196	0.150	0.167
>TATCATCTGC	21-TATCATCTGC	12.137633	-21.360143	0	T:10.0(0.09%),B:2.3(0.01%),P:1e-9	Tpos:99.0,Tstd:54.0,Bpos:130.1,Bstd:25.0,StrandBias:1.1,Multiplicity:2.44
0.001	0.001	0.001	0.997
0.997	0.001	0.001	0.001
0.001	0.001	0.001	0.997
0.001	0.997	0.001	0.001
0.997	0.001	0.001	0.001
0.001	0.001	0.001	0.997
0.001	0.997	0.001	0.001
0.001	0.183	0.054	0.762
0.001	0.001	0.997	0.001
0.001	0.997	0.001	0.001
>GAGGATTATC	22-GAGGATTATC	10.859972	-19.600222	0	T:12.0(0.11%),B:4.9(0.01%),P:1e-8	Tpos:98.3,Tstd:59.7,Bpos:96.7,Bstd:60.5,StrandBias:-2.1,Multiplicity:2.17
0.001	0.001	0.997	0.001
0.997	0.001	0.001	0.001
0.001	0.001	0.997	0.001
0.001	0.001	0.997	0.001
0.997	0.001	0.001	0.001
0.001	0.001	0.001	0.997
0.001	0.001	0.001	0.997
0.997	0.001	0.001	0.001
0.001	0.051	0.001	0.947
0.001	0.997	0.001	0.001
>GTCTTGATAT	23-GTCTTGATAT	10.296193	-18.477334	0	T:9.0(0.08%),B:2.5(0.01%),P:1e-8	Tpos:105.6,Tstd:60.7,Bpos:123.2,Bstd:42.7,StrandBias:1.6,Multiplicity:1.78
0.100	0.100	0.700	0.100
0.100	0.100	0.100	0.700
0.100	0.700	0.100	0.100
0.100	0.100	0.100	0.700
0.100	0.100	0.100	0.700
0.100	0.100	0.700	0.100
0.700	0.100	0.100	0.100
0.100	0.100	0.100	0.700
0.700	0.100	0.100	0.100
0.100	0.100	0.100	0.700
>GYGTGCAWAT	24-GYGTGCAWAT	11.298264	-10.441887	0	T:7.0(0.06%),B:3.8(0.01%),P:1e-4	Tpos:97.1,Tstd:45.6,Bpos:101.5,Bstd:40.8,StrandBias:10.0,Multiplicity:2.43
0.001	0.043	0.955	0.001
0.001	0.570	0.001	0.428
0.001	0.001	0.997	0.001
0.003	0.011	0.001	0.985
0.024	0.097	0.878	0.001
0.001	0.976	0.022	0.001
0.640	0.053	0.075	0.232
0.436	0.001	0.091	0.473
0.849	0.107	0.022	0.022
0.162	0.107	0.022	0.709
>RTATATATAT	25-RTATATATAT	8.662350	-0.939088	0	T:53.0(0.49%),B:180.7(0.47%),P:1e0	Tpos:104.0,Tstd:56.2,Bpos:84.6,Bstd:59.1,StrandBias:0.4,Multiplicity:2.79
0.546	0.001	0.452	0.001
0.001	0.062	0.001	0.936
0.724	0.001	0.274	0.001
0.001	0.015	0.001	0.983
0.978	0.001	0.020	0.001
0.001	0.249	0.048	0.702
0.653	0.001	0.345	0.001
0.001	0.104	0.001	0.894
0.736	0.004	0.259	0.001
0.028	0.175	0.001	0.796
>ATTCCATTCGAT	1-ATTCCATTCGAT	11.951161	-196.737900	0	T:47.0(0.43%),B:1.4(0.00%),P:1e-85	Tpos:100.7,Tstd:55.9,Bpos:155.9,Bstd:29.2,StrandBias:-1.9,Multiplicity:4.04
0.967	0.001	0.007	0.025
0.011	0.001	0.086	0.902
0.081	0.004	0.001	0.914
0.027	0.857	0.088	0.028
0.012	0.660	0.188	0.140
0.862	0.031	0.098	0.009
0.001	0.009	0.114	0.876
0.007	0.001	0.087	0.905
0.092	0.743	0.021	0.144
0.183	0.228	0.568	0.021
0.888	0.001	0.054	0.057
0.052	0.024	0.080	0.844
>GATTCYATTCGA	2-GATTCYATTCGA	10.143659	-188.670584	0	T:65.0(0.60%),B:5.7(0.01%),P:1e-81	Tpos:114.2,Tstd:57.3,Bpos:95.8,Bstd:55.0,StrandBias:-2.6,Multiplicity:1.25
0.021	0.018	0.949	0.012
0.765	0.012	0.018	0.205
0.012	0.012	0.154	0.822
0.018	0.015	0.191	0.776
0.092	0.471	0.147	0.289
0.015	0.434	0.006	0.545
0.559	0.118	0.133	0.190
0.166	0.129	0.001	0.704
0.138	0.179	0.012	0.671
0.001	0.710	0.153	0.136
0.019	0.006	0.781	0.194
0.627	0.001	0.366	0.006
>CAMAGTACTGTT	3-CAMAGTACTGTT	10.682948	-186.516021	0	T:45.0(0.41%),B:1.9(0.00%),P:1e-81	Tpos:123.8,Tstd:52.5,Bpos:59.2,Bstd:22.1,StrandBias:3.4,Multiplicity:1.00
0.141	0.587	0.167	0.105
0.819	0.083	0.019	0.079
0.290	0.401	0.069	0.239
0.580	0.004	0.306	0.110
0.030	0.120	0.694	0.156
0.120	0.222	0.107	0.551
0.571	0.220	0.091	0.118
0.061	0.757	0.053	0.129
0.094	0.010	0.026	0.870
0.047	0.032	0.832	0.089
0.078	0.202	0.068	0.652
0.043	0.121	0.055	0.781
>GAGTAGACAGCA	4-GAGTAGACAGCA	12.936510	-166.341149	0	T:41.0(0.38%),B:0.7(0.00%),P:1e-72	Tpos:129.3,Tstd:42.6,Bpos:142.0,Bstd:0.0,StrandBias:3.2,Multiplicity:1.02
0.001	0.108	0.890	0.001
0.890	0.108	0.001	0.001
0.001	0.001	0.997	0.001
0.001	0.001	0.001	0.997
0.672	0.218	0.001	0.109
0.296	0.001	0.702	0.001
0.890	0.108	0.001	0.001
0.001	0.997	0.001	0.001
0.997	0.001	0.001	0.001
0.001	0.108	0.890	0.001
0.001	0.844	0.046	0.109
0.733	0.001	0.265	0.001
>NGCTGAGTCATN	5-NGCTGAGTCATN	10.008590	-163.945476	0	T:242.0(2.22%),B:209.6(0.54%),P:1e-71	Tpos:103.0,Tstd:55.4,Bpos:106.5,Bstd:57.5,StrandBias:0.1,Multiplicity:1.06
0.237	0.250	0.224	0.290
0.188	0.213	0.380	0.219
0.248	0.496	0.255	0.001
0.001	0.001	0.001	0.997
0.001	0.001	0.997	0.001
0.997	0.001	0.001	0.001
0.001	0.411	0.587	0.001
0.001	0.001	0.001	0.997
0.001	0.997	0.001	0.001
0.997	0.001	0.001	0.001
0.001	0.312	0.177	0.510
0.239	0.294	0.263	0.205
>CTAATCAHCYTC	6-CTAATCAHCYTC	10.041351	-160.005800	0	T:46.0(0.42%),B:2.8(0.01%),P:1e-69	Tpos:92.9,Tstd:42.7,Bpos:118.0,Bstd:68.4,StrandBias:3.8,Multiplicity:1.00
0.299	0.646	0.017	0.038
0.017	0.244	0.029	0.710
0.586	0.025	0.021	0.368
0.711	0.017	0.255	0.017
0.227	0.027	0.192	0.554
0.169	0.581	0.212	0.038
0.752	0.222	0.013	0.013
0.359	0.359	0.029	0.253
0.033	0.564	0.025	0.378
0.134	0.377	0.013	0.477
0.017	0.021	0.038	0.924
0.004	0.749	0.226	0.021
>TCCATTCGATGA	7-TCCATTCGATGA	11.039334	-160.005800	0	T:46.0(0.42%),B:2.4(0.01%),P:1e-69	Tpos:94.5,Tstd:49.7,Bpos:87.4,Bstd:58.2,StrandBias:-1.7,Multiplicity:1.85
0.001	0.001	0.001	0.997
0.042	0.611	0.042	0.305
0.001	0.913	0.001	0.085
0.766	0.001	0.213	0.020
0.001	0.001	0.001	0.997
0.020	0.088	0.001	0.891
0.001	0.739	0.001	0.259
0.218	0.020	0.761	0.001
0.978	0.001	0.020	0.001
0.083	0.083	0.001	0.833
0.001	0.001	0.997	0.001
0.775	0.001	0.001	0.223
>GATGATTCCATT	8-GATGATTCCATT	13.429652	-151.213654	0	T:44.0(0.40%),B:2.6(0.01%),P:1e-65	Tpos:98.7,Tstd:57.5,Bpos:90.2,Bstd:15.5,StrandBias:-1.6,Multiplicity:1.63
0.076	0.001	0.922	0.001
0.968	0.001	0.001	0.030
0.007	0.077	0.001	0.915
0.077	0.001	0.915	0.007
0.992	0.001	0.006	0.001
0.006	0.001	0.001	0.992
0.001	0.006	0.001	0.992
0.018	0.763	0.212	0.007
0.001	0.981	0.001	0.017
0.992	0.001	0.001	0.006
0.001	0.006	0.001	0.992
0.001	0.007	0.077	0.915
>GTCAACAGCYMA	9-GTCAACAGCYMA	12.229535	-151.213654	0	T:44.0(0.40%),B:2.7(0.01%),P:1e-65	Tpos:119.1,Tstd:44.3,Bpos:142.4,Bstd:50.1,StrandBias:4.4,Multiplicity:1.00
0.054	0.044	0.833	0.069
0.001	0.074	0.069	0.856
0.074	0.699	0.107	0.120
0.858	0.044	0.039	0.059
0.768	0.059	0.061	0.112
0.049	0.554	0.377	0.020
0.816	0.044	0.059	0.081
0.095	0.083	0.783	0.039
0.099	0.756	0.086	0.059
0.026	0.480	0.020	0.474
0.547	0.413	0.020	0.020
0.787	0.100	0.059	0.054
>AAGGTACTCTCT	10-AAGGTACTCTCT	14.355158	-142.511739	0	T:42.0(0.38%),B:2.7(0.01%),P:1e-61	Tpos:103.1,Tstd:40.8,Bpos:158.3,Bstd:5.1,StrandBias:3.7,Multiplicity:1.00
0.632	0.001	0.366	0.001
0.997	0.001	0.001	0.001
0.001	0.001	0.997	0.001
0.001	0.001	0.997	0.001
0.001	0.001	0.366	0.632
0.997	0.001	0.001	0.001
0.001	0.997	0.001	0.001
0.001	0.001	0.001	0.997
0.001	0.997	0.001	0.001
0.263	0.001	0.001	0.735
0.001	0.997	0.001	0.001
0.001	0.001	0.001	0.997
>TCTRTCKGGTSA	11-TCTRTCKGGTSA	11.719821	-141.672084	0	T:36.0(0.33%),B:1.5(0.00%),P:1e-61	Tpos:63.9,Tstd:49.2,Bpos:114.2,Bstd:27.4,StrandBias:2.7,Multiplicity:1.06
0.069	0.011	0.058	0.862
0.001	0.954	0.001	0.044
0.001	0.079	0.001	0.919
0.310	0.207	0.449	0.034
0.241	0.046	0.217	0.496
0.045	0.782	0.013	0.160
0.091	0.001	0.474	0.434
0.001	0.010	0.988	0.001
0.228	0.046	0.725	0.001
0.139	0.001	0.046	0.814
0.001	0.505	0.493	0.001
0.897	0.068	0.034	0.001
>TTCGTGTTCCAA	12-TTCGTGTTCCAA	12.383947	-141.672084	0	T:36.0(0.33%),B:1.0(0.00%),P:1e-61	Tpos:66.6,Tstd:42.3,Bpos:83.0,Bstd:0.0,StrandBias:-3.5,Multiplicity:1.00
0.001	0.102	0.001	0.896
0.001	0.205	0.103	0.691
0.103	0.793	0.001	0.103
0.205	0.072	0.722	0.001
0.001	0.001	0.102	0.896
0.102	0.001	0.896	0.001
0.001	0.102	0.001	0.896
0.001	0.103	0.103	0.793
0.001	0.997	0.001	0.001
0.001	0.997	0.001	0.001
0.896	0.102	0.001	0.001
0.793	0.001	0.205	0.001
>CTGTAGGGCTGG	13-CTGTAGGGCTGG	12.355432	-131.991968	0	T:34.0(0.31%),B:1.5(0.00%),P:1e-57	Tpos:135.6,Tstd:48.6,Bpos:143.0,Bstd:0.0,StrandBias:2.9,Multiplicity:1.00
0.100	0.700	0.100	0.100
0.100	0.100	0.100	0.700
0.100	0.100	0.700	0.100
0.100	0.100	0.100	0.700
0.700	0.100	0.100	0.100
0.100	0.100	0.700	0.100
0.100	0.100	0.700	0.100
0.100	0.100	0.700	0.100
0.100	0.700	0.100	0.100
0.100	0.100	0.100	0.700
0.100	0.100	0.700	0.100
0.100	0.100	0.700	0.100
>GGAAGACAMGGT	14-GGAAGACAMGGT	14.083455	-121.180494	0	T:37.0(0.34%),B:2.6(0.01%),P:1e-52	Tpos:76.4,Tstd:33.2,Bpos:54.2,Bstd:16.8,StrandBias:2.7,Multiplicity:1.00
0.001	0.001	0.997	0.001
0.001	0.001	0.997	0.001
0.997	0.001	0.001	0.001
0.997	0.001	0.001	0.001
0.001	0.001	0.997	0.001
0.997	0.001	0.001	0.001
0.001	0.632	0.001	0.366
0.733	0.265	0.001	0.001
0.478	0.520	0.001	0.001
0.001	0.001	0.997	0.001
0.001	0.001	0.997	0.001
0.001	0.001	0.001	0.997
>CCTAAGTCAGGC	15-CCTAAGTCAGGC	12.355432	-117.692078	0	T:31.0(0.28%),B:0.9(0.00%),P:1e-51	Tpos:138.4,Tstd:48.6,Bpos:190.0,Bstd:0.0,StrandBias:3.9,Multiplicity:1.00
0.100	0.700	0.100	0.100
0.100	0.700	0.100	0.100
0.100	0.100	0.100	0.700
0.700	0.100	0.100	0.100
0.700	0.100	0.100	0.100
0.100	0.100	0.700	0.100
0.100	0.100	0.100	0.700
0.100	0.700	0.100	0.100
0.700	0.100	0.100	0.100
0.100	0.100	0.700	0.100
0.100	0.100	0.700	0.100
0.100	0.700	0.100	0.100
>ATAGGGGTGATT	16-ATAGGGGTGATT	8.705964	-116.991799	0	T:36.0(0.33%),B:2.5(0.01%),P:1e-50	Tpos:67.8,Tstd:32.8,Bpos:159.5,Bstd:10.4,StrandBias:-3.5,Multiplicity:1.00
0.651	0.126	0.102	0.121
0.122	0.145	0.135	0.598
0.670	0.103	0.109	0.118
0.129	0.076	0.699	0.096
0.131	0.090	0.672	0.107
0.110	0.085	0.687	0.118
0.114	0.125	0.668	0.093
0.114	0.098	0.126	0.662
0.092	0.116	0.674	0.118
0.658	0.113	0.115	0.114
0.106	0.111	0.124	0.659
0.096	0.105	0.099	0.700
>AGTTCAAGATAA	17-AGTTCAAGATAA	16.503130	-85.494083	0	T:24.0(0.22%),B:1.5(0.00%),P:1e-37	Tpos:141.2,Tstd:53.2,Bpos:119.0,Bstd:0.0,StrandBias:3.5,Multiplicity:1.00
0.997	0.001	0.001	0.001
0.001	0.001	0.984	0.014
0.001	0.015	0.015	0.969
0.001	0.001	0.001	0.997
0.001	0.997	0.001	0.001
0.984	0.014	0.001	0.001
0.997	0.001	0.001	0.001
0.015	0.015	0.969	0.001
0.984	0.001	0.014	0.001
0.001	0.001	0.001	0.997
0.997	0.001	0.001	0.001
0.997	0.001	0.001	0.001
>TGCCGGCGTCAA	18-TGCCGGCGTCAA	12.649060	-72.924153	0	T:25.0(0.23%),B:2.3(0.01%),P:1e-31	Tpos:39.2,Tstd:31.4,Bpos:139.5,Bstd:59.0,StrandBias:2.4,Multiplicity:1.00
0.001	0.001	0.001	0.997
0.001	0.001	0.997	0.001
0.001	0.997	0.001	0.001
0.001	0.884	0.114	0.001
0.001	0.001	0.688	0.310
0.001	0.001	0.997	0.001
0.114	0.771	0.001	0.114
0.114	0.001	0.771	0.114
0.002	0.002	0.422	0.574
0.001	0.997	0.001	0.001
0.884	0.001	0.001	0.114
0.770	0.228	0.001	0.001
>KGGGCGGGGCTA	19-KGGGCGGGGCTA	9.126320	-47.434657	0	T:808.0(7.40%),B:2043.9(5.27%),P:1e-20	Tpos:101.7,Tstd:54.7,Bpos:87.9,Bstd:57.3,StrandBias:0.0,Multiplicity:1.29
0.101	0.029	0.492	0.378
0.025	0.044	0.906	0.025
0.032	0.039	0.897	0.032
0.054	0.042	0.888	0.016
0.109	0.716	0.038	0.137
0.078	0.031	0.827	0.064
0.035	0.027	0.897	0.041
0.055	0.015	0.884	0.046
0.030	0.036	0.873	0.061
0.034	0.791	0.058	0.117
0.089	0.232	0.103	0.576
0.534	0.139	0.162	0.165
>GTGAGGGTGGAT	20-GTGAGGGTGGAT	12.780953	-39.553330	0	T:21.0(0.19%),B:5.5(0.01%),P:1e-17	Tpos:92.9,Tstd:59.2,Bpos:109.9,Bstd:53.2,StrandBias:0.3,Multiplicity:2.05
0.001	0.211	0.787	0.001
0.001	0.155	0.001	0.843
0.001	0.001	0.997	0.001
0.843	0.155	0.001	0.001
0.001	0.001	0.997	0.001
0.001	0.001	0.997	0.001
0.001	0.001	0.997	0.001
0.001	0.001	0.001	0.997
0.001	0.001	0.997	0.001
0.001	0.001	0.997	0.001
0.997	0.001	0.001	0.001
0.211	0.001	0.001	0.787
>GAKATTATCATC	21-GAKATTATCATC	14.335730	-31.704906	0	T:11.0(0.10%),B:1.5(0.00%),P:1e-13	Tpos:108.9,Tstd:51.1,Bpos:139.0,Bstd:13.2,StrandBias:1.2,Multiplicity:2.36
0.001	0.005	0.993	0.001
0.993	0.001	0.001	0.005
0.001	0.001	0.449	0.549
0.632	0.001	0.001	0.366
0.001	0.001	0.001	0.997
0.001	0.001	0.001	0.997
0.632	0.001	0.001	0.366
0.001	0.001	0.001	0.997
0.001	0.997	0.001	0.001
0.997	0.001	0.001	0.001
0.001	0.001	0.001	0.997
0.001	0.997	0.001	0.001
>TGCAAATTTAGG	22-TGCAAATTTAGG	13.377917	-24.463419	0	T:9.0(0.08%),B:0.6(0.00%),P:1e-10	Tpos:98.2,Tstd:54.0,Bpos:97.2,Bstd:42.2,StrandBias:3.5,Multiplicity:2.67
0.001	0.001	0.211	0.787
0.001	0.001	0.787	0.211
0.001	0.885	0.113	0.001
0.787	0.001	0.211	0.001
0.997	0.001	0.001	0.001
0.943	0.055	0.001	0.001
0.001	0.001	0.001	0.997
0.001	0.001	0.055	0.943
0.001	0.001	0.001	0.997
0.787	0.211	0.001	0.001
0.001	0.001	0.997	0.001
0.129	0.001	0.869	0.001
>TGTAGGGACCTC	23-TGTAGGGACCTC	12.626579	-20.995024	0	T:8.0(0.07%),B:1.5(0.00%),P:1e-9	Tpos:98.2,Tstd:54.4,Bpos:171.0,Bstd:0.0,StrandBias:3.5,Multiplicity:3.00
0.001	0.001	0.001	0.997
0.001	0.001	0.997	0.001
0.001	0.001	0.001	0.997
0.977	0.001	0.001	0.021
0.001	0.001	0.997	0.001
0.001	0.001	0.997	0.001
0.001	0.001	0.997	0.001
0.997	0.001	0.001	0.001
0.021	0.977	0.001	0.001
0.001	0.909	0.001	0.089
0.001	0.001	0.001	0.997
0.001	0.997	0.001	0.001
>GAGCTTCCTCAC	24-GAGCTTCCTCAC	12.738357	-13.276293	0	T:11.0(0.10%),B:6.7(0.02%),P:1e-5	Tpos:103.5,Tstd:52.1,Bpos:95.4,Bstd:55.6,StrandBias:-1.8,Multiplicity:2.09
0.001	0.001	0.975	0.023
0.997	0.001	0.001	0.001
0.001	0.001	0.997	0.001
0.001	0.997	0.001	0.001
0.001	0.024	0.024	0.951
0.001	0.001	0.023	0.975
0.001	0.997	0.001	0.001
0.001	0.997	0.001	0.001
0.001	0.001	0.001	0.997
0.001	0.975	0.023	0.001
0.997	0.001	0.001	0.001
0.001	0.997	0.001	0.001
>TATATATATRTA	25-TATATATATRTA	6.036684	-2.334777	0	T:323.0(2.96%),B:1066.5(2.75%),P:1e-1	Tpos:101.3,Tstd:55.4,Bpos:96.8,Bstd:57.7,StrandBias:0.1,Multiplicity:1.51
0.013	0.234	0.004	0.749
0.583	0.019	0.385	0.013
0.013	0.157	0.024	0.806
0.638	0.017	0.326	0.019
0.001	0.001	0.014	0.984
0.671	0.035	0.293	0.001
0.008	0.013	0.001	0.978
0.596	0.011	0.354	0.039
0.004	0.287	0.004	0.705
0.511	0.001	0.454	0.034
0.031	0.009	0.053	0.907
0.681	0.001	0.314	0.004
>ATGACTCA	1-ATGACTCA	8.709195	-145.517920	0	T:529.0(4.85%),B:827.3(2.13%),P:1e-63	Tpos:97.9,Tstd:58.0,Bpos:101.5,Bstd:58.0,StrandBias:0.0,Multiplicity:1.10
0.696	0.178	0.125	0.001
0.001	0.001	0.001	0.997
0.001	0.001	0.997	0.001
0.997	0.001	0.001	0.001
0.001	0.753	0.245	0.001
0.001	0.001	0.001	0.997
0.001	0.997	0.001	0.001
0.997	0.001	0.001	0.001
>TCTTATCT	2-TCTTATCT	5.309633	-125.812773	0	T:389.0(3.56%),B:560.8(1.45%),P:1e-54	Tpos:104.6,Tstd:55.4,Bpos:101.4,Bstd:59.6,StrandBias:0.0,Multiplicity:1.09
0.001	0.001	0.376	0.622
0.001	0.641	0.357	0.001
0.001	0.001	0.001	0.997
0.001	0.001	0.001	0.997
0.997	0.001	0.001	0.001
0.001	0.001	0.001	0.997
0.001	0.997	0.001	0.001
0.013	0.001	0.001	0.985
>GCCGATAD	3-GCCGATAD	5.484827	-91.297073	0	T:1643.0(15.05%),B:4224.1(10.90%),P:1e-39	Tpos:99.5,Tstd:56.3,Bpos:102.4,Bstd:59.8,StrandBias:-0.0,Multiplicity:1.08
0.001	0.188	0.571	0.240
0.197	0.595	0.207	0.001
0.227	0.464	0.293	0.015
0.001	0.001	0.997	0.001
0.594	0.001	0.110	0.295
0.185	0.001	0.001	0.813
0.940	0.001	0.001	0.058
0.394	0.016	0.320	0.270
>CATTCGAT	4-CATTCGAT	8.236954	-80.150510	0	T:51.0(0.47%),B:16.7(0.04%),P:1e-34	Tpos:95.3,Tstd:55.1,Bpos:110.0,Bstd:58.6,StrandBias:-2.0,Multiplicity:3.04
0.100	0.700	0.100	0.100
0.700	0.100	0.100	0.100
0.100	0.100	0.100	0.700
0.100	0.100	0.100	0.700
0.100	0.700	0.100	0.100
0.100	0.100	0.700	0.100
0.700	0.100	0.100	0.100
0.100	0.100	0.100	0.700
>AGGCCTGM	5-AGGCCTGM	5.899244	-72.973585	0	T:2951.0(27.04%),B:8615.8(22.23%),P:1e-31	Tpos:99.3,Tstd:56.1,Bpos:99.6,Bstd:57.2,StrandBias:-0.1,Multiplicity:1.23
0.888	0.046	0.065	0.001
0.001	0.038	0.960	0.001
0.001	0.186	0.769	0.044
0.001	0.997	0.001	0.001
0.001	0.799	0.097	0.103
0.080	0.056	0.154	0.710
0.217	0.128	0.422	0.233
0.318	0.451	0.125	0.107
>TCCGCCCT	6-TCCGCCCT	5.100078	-64.354813	0	T:5426.0(49.72%),B:17224.3(44.44%),P:1e-27	Tpos:98.8,Tstd:56.1,Bpos:97.3,Bstd:59.4,StrandBias:0.0,Multiplicity:1.66
0.115	0.228	0.027	0.630
0.097	0.772	0.035	0.096
0.086	0.732	0.091	0.091
0.116	0.063	0.739	0.082
0.032	0.829	0.097	0.042
0.066	0.801	0.053	0.080
0.091	0.767	0.045	0.097
0.121	0.119	0.027	0.733
>CCGGAAAT	7-CCGGAAAT	5.912814	-53.113029	0	T:1691.0(15.49%),B:4746.2(12.25%),P:1e-23	Tpos:99.3,Tstd:57.2,Bpos:97.2,Bstd:58.6,StrandBias:-0.0,Multiplicity:1.14
0.038	0.960	0.001	0.001
0.080	0.836	0.083	0.001
0.048	0.001	0.950	0.001
0.025	0.001	0.947	0.027
0.923	0.051	0.025	0.001
0.997	0.001	0.001	0.001
0.739	0.117	0.143	0.001
0.038	0.130	0.101	0.731
>GCCAATCC	8-GCCAATCC	5.695575	-52.863747	0	T:1565.0(14.34%),B:4346.2(11.21%),P:1e-22	Tpos:100.8,Tstd:55.4,Bpos:95.1,Bstd:58.2,StrandBias:0.1,Multiplicity:1.14
0.238	0.302	0.460	0.001
0.001	0.582	0.416	0.001
0.037	0.645	0.001	0.317
0.652	0.001	0.082	0.265
0.833	0.165	0.001	0.001
0.001	0.001	0.001	0.997
0.267	0.610	0.001	0.122
0.274	0.554	0.171	0.001
>CGGTTTAG	9-CGGTTTAG	4.341352	-50.462636	0	T:4596.0(42.11%),B:14560.9(37.57%),P:1e-21	Tpos:99.5,Tstd:55.5,Bpos:101.5,Bstd:60.2,StrandBias:-0.0,Multiplicity:1.35
0.030	0.785	0.099	0.086
0.102	0.100	0.685	0.113
0.079	0.074	0.743	0.104
0.067	0.084	0.084	0.765
0.069	0.075	0.115	0.741
0.070	0.090	0.046	0.794
0.749	0.081	0.108	0.062
0.078	0.112	0.741	0.069
>ACWGCGWA	10-ACWGCGWA	7.356970	-44.797812	0	T:353.0(3.23%),B:743.4(1.92%),P:1e-19	Tpos:98.3,Tstd:53.5,Bpos:103.4,Bstd:61.0,StrandBias:-0.7,Multiplicity:1.05
0.805	0.001	0.193	0.001
0.001	0.602	0.339	0.058
0.455	0.001	0.051	0.493
0.001	0.001	0.997	0.001
0.001	0.541	0.118	0.340
0.001	0.001	0.753	0.245
0.429	0.001	0.001	0.569
0.914	0.084	0.001	0.001
>TWATCATC	11-TWATCATC	7.199306	-43.695352	0	T:406.0(3.72%),B:895.6(2.31%),P:1e-18	Tpos:101.2,Tstd:56.6,Bpos:101.1,Bstd:57.8,StrandBias:0.4,Multiplicity:1.21
0.120	0.001	0.221	0.658
0.548	0.001	0.017	0.434
0.873	0.001	0.001	0.125
0.001	0.009	0.001	0.989
0.016	0.973	0.009	0.002
0.571	0.234	0.194	0.001
0.001	0.001	0.178	0.820
0.001	0.997	0.001	0.001
>TTGACGTG	12-TTGACGTG	8.236954	-43.315975	0	T:59.0(0.54%),B:49.6(0.13%),P:1e-18	Tpos:113.5,Tstd:47.1,Bpos:94.6,Bstd:60.4,StrandBias:-1.5,Multiplicity:1.05
0.100	0.100	0.100	0.700
0.100	0.100	0.100	0.700
0.100	0.100	0.700	0.100
0.700	0.100	0.100	0.100
0.100	0.700	0.100	0.100
0.100	0.100	0.700	0.100
0.100	0.100	0.100	0.700
0.100	0.100	0.700	0.100
>ATCGMATA	13-ATCGMATA	8.030043	-38.431000	0	T:55.0(0.50%),B:48.4(0.12%),P:1e-16	Tpos:106.2,Tstd:53.1,Bpos:113.9,Bstd:59.4,StrandBias:1.0,Multiplicity:1.00
0.562	0.001	0.326	0.111
0.159	0.001	0.111	0.729
0.001	0.997	0.001	0.001
0.001	0.001	0.997	0.001
0.490	0.508	0.001	0.001
0.836	0.159	0.004	0.001
0.121	0.098	0.160	0.621
0.780	0.001	0.098	0.121
>GGGTGATA	14-GGGTGATA	10.811846	-31.786837	0	T:70.0(0.64%),B:85.5(0.22%),P:1e-13	Tpos:85.8,Tstd:48.8,Bpos:102.8,Bstd:57.1,StrandBias:-1.4,Multiplicity:1.00
0.001	0.001	0.997	0.001
0.001	0.001	0.997	0.001
0.001	0.001	0.997	0.001
0.225	0.001	0.001	0.773
0.001	0.001	0.997	0.001
0.997	0.001	0.001	0.001
0.001	0.001	0.001	0.997
0.997	0.001	0.001	0.001
>CCATTCGA	15-CCATTCGA	6.403081	-24.394825	0	T:411.0(3.77%),B:1041.2(2.69%),P:1e-10	Tpos:102.0,Tstd:54.0,Bpos:102.1,Bstd:58.1,StrandBias:-0.3,Multiplicity:1.15
0.010	0.971	0.018	0.001
0.014	0.880	0.013	0.093
0.806	0.001	0.062	0.131
0.065	0.027	0.001	0.907
0.018	0.093	0.001	0.888
0.001	0.832	0.043	0.124
0.136	0.001	0.827	0.036
0.903	0.022	0.001	0.074
>TCCAATGA	16-TCCAATGA	8.523969	-23.815650	0	T:165.0(1.51%),B:338.5(0.87%),P:1e-10	Tpos:105.6,Tstd:57.6,Bpos:96.9,Bstd:58.6,StrandBias:0.8,Multiplicity:1.03
0.001	0.001	0.208	0.790
0.001	0.997	0.001	0.001
0.001	0.997	0.001	0.001
0.899	0.001	0.099	0.001
0.997	0.001	0.001	0.001
0.001	0.001	0.001	0.997
0.001	0.001	0.997	0.001
0.997	0.001	0.001	0.001
>GATTGCAT	17-GATTGCAT	8.236954	-21.515445	0	T:44.0(0.40%),B:52.7(0.14%),P:1e-9	Tpos:98.5,Tstd:56.4,Bpos:101.6,Bstd:52.1,StrandBias:-0.5,Multiplicity:1.00
0.100	0.100	0.700	0.100
0.700	0.100	0.100	0.100
0.100	0.100	0.100	0.700
0.100	0.100	0.100	0.700
0.100	0.100	0.700	0.100
0.100	0.700	0.100	0.100
0.700	0.100	0.100	0.100
0.100	0.100	0.100	0.700
>ACTACGCA	18-ACTACGCA	6.870547	-21.072322	0	T:347.0(3.18%),B:877.5(2.26%),P:1e-9	Tpos:102.1,Tstd:57.1,Bpos:99.6,Bstd:59.7,StrandBias:-0.2,Multiplicity:1.14
0.694	0.249	0.022	0.035
0.001	0.966	0.001	0.032
0.022	0.029	0.031	0.918
0.858	0.001	0.100	0.041
0.001	0.951	0.047	0.001
0.170	0.041	0.768	0.021
0.018	0.906	0.036	0.040
0.953	0.025	0.001	0.021
>ATTCCATT	19-ATTCCATT	5.368144	-19.738865	0	T:129.0(1.18%),B:261.3(0.67%),P:1e-8	Tpos:105.1,Tstd:57.2,Bpos:103.7,Bstd:54.2,StrandBias:-1.3,Multiplicity:2.42
0.997	0.001	0.001	0.001
0.001	0.001	0.001	0.997
0.001	0.001	0.001	0.997
0.001	0.997	0.001	0.001
0.001	0.970	0.028	0.001
0.879	0.001	0.119	0.001
0.001	0.001	0.001	0.997
0.001	0.001	0.001	0.997
>AAGGTACT	20-AAGGTACT	8.236954	-17.614537	0	T:68.0(0.62%),B:114.1(0.29%),P:1e-7	Tpos:112.7,Tstd:49.6,Bpos:104.6,Bstd:68.0,StrandBias:3.2,Multiplicity:1.54
0.700	0.100	0.100	0.100
0.700	0.100	0.100	0.100
0.100	0.100	0.700	0.100
0.100	0.100	0.700	0.100
0.100	0.100	0.100	0.700
0.700	0.100	0.100	0.100
0.100	0.700	0.100	0.100
0.100	0.100	0.100	0.700
>CCTCCCAC	21-CCTCCCAC	4.013749	-17.157885	0	T:2099.0(19.23%),B:6686.1(17.25%),P:1e-7	Tpos:100.6,Tstd:56.2,Bpos:98.2,Bstd:59.2,StrandBias:-0.1,Multiplicity:1.22
0.001	0.997	0.001	0.001
0.001	0.997	0.001	0.001
0.001	0.001	0.001	0.997
0.001	0.997	0.001	0.001
0.001	0.860	0.001	0.138
0.001	0.997	0.001	0.001
0.841	0.001	0.001	0.157
0.001	0.997	0.001	0.001
>ATTGTAGT	22-ATTGTAGT	9.737516	-16.378224	0	T:55.0(0.50%),B:87.3(0.23%),P:1e-7	Tpos:95.5,Tstd:55.8,Bpos:103.3,Bstd:57.0,StrandBias:-0.1,Multiplicity:1.08
0.997	0.001	0.001	0.001
0.001	0.001	0.001	0.997
0.001	0.264	0.001	0.734
0.001	0.001	0.997	0.001
0.001	0.001	0.001	0.997
0.997	0.001	0.001	0.001
0.001	0.001	0.997	0.001
0.001	0.001	0.001	0.997
>CTGTCACG	23-CTGTCACG	8.368518	-15.833766	0	T:185.0(1.70%),B:439.3(1.13%),P:1e-6	Tpos:98.9,Tstd:57.4,Bpos:102.6,Bstd:59.2,StrandBias:-0.3,Multiplicity:1.21
0.001	0.997	0.001	0.001
0.001	0.001	0.001	0.997
0.001	0.001	0.997	0.001
0.001	0.001	0.001	0.997
0.103	0.895	0.001	0.001
0.997	0.001	0.001	0.001
0.001	0.997	0.001	0.001
0.348	0.001	0.650	0.001
>GCAGTTCA	24-GCAGTTCA	8.715444	-14.821496	0	T:105.0(0.96%),B:220.9(0.57%),P:1e-6	Tpos:124.1,Tstd:55.4,Bpos:109.1,Bstd:55.9,StrandBias:1.4,Multiplicity:1.12
0.001	0.001	0.997	0.001
0.001	0.997	0.001	0.001
0.903	0.001	0.095	0.001
0.001	0.001	0.997	0.001
0.001	0.001	0.001	0.997
0.001	0.001	0.001	0.997
0.001	0.997	0.001	0.001
0.997	0.001	0.001	0.001
>ATATATRT	25-ATATATRT	3.559313	-0.560898	0	T:1077.0(9.87%),B:3843.4(9.92%),P:1e0	Tpos:100.5,Tstd:57.2,Bpos:99.5,Bstd:59.0,StrandBias:0.1,Multiplicity:1.33
0.805	0.017	0.177	0.001
0.001	0.001	0.017	0.981
0.853	0.001	0.145	0.001
0.001	0.001	0.001	0.997
0.690	0.001	0.308	0.001
0.001	0.081	0.001	0.917
0.562	0.001	0.436	0.001
0.001	0.167	0.001	0.831
