>ATGACTCA	1-ATGACTCA	8.709195	-145.517920	0	T:529.0(4.85%),B:827.3(2.13%),P:1e-63	Tpos:97.9,Tstd:58.0,Bpos:101.5,Bstd:58.0,StrandBias:0.0,Multiplicity:1.10
0.696	0.178	0.125	0.001
0.001	0.001	0.001	0.997
0.001	0.001	0.997	0.001
0.997	0.001	0.001	0.001
0.001	0.753	0.245	0.001
0.001	0.001	0.001	0.997
0.001	0.997	0.001	0.001
0.997	0.001	0.001	0.001
>TCTTATCT	2-TCTTATCT	5.309633	-125.812773	0	T:389.0(3.56%),B:560.8(1.45%),P:1e-54	Tpos:104.6,Tstd:55.4,Bpos:101.4,Bstd:59.6,StrandBias:0.0,Multiplicity:1.09
0.001	0.001	0.376	0.622
0.001	0.641	0.357	0.001
0.001	0.001	0.001	0.997
0.001	0.001	0.001	0.997
0.997	0.001	0.001	0.001
0.001	0.001	0.001	0.997
0.001	0.997	0.001	0.001
0.013	0.001	0.001	0.985
>GCCGATAD	3-GCCGATAD	5.484827	-91.297073	0	T:1643.0(15.05%),B:4224.1(10.90%),P:1e-39	Tpos:99.5,Tstd:56.3,Bpos:102.4,Bstd:59.8,StrandBias:-0.0,Multiplicity:1.08
0.001	0.188	0.571	0.240
0.197	0.595	0.207	0.001
0.227	0.464	0.293	0.015
0.001	0.001	0.997	0.001
0.594	0.001	0.110	0.295
0.185	0.001	0.001	0.813
0.940	0.001	0.001	0.058
0.394	0.016	0.320	0.270
>CATTCGAT	4-CATTCGAT	8.236954	-80.150510	0	T:51.0(0.47%),B:16.7(0.04%),P:1e-34	Tpos:95.3,Tstd:55.1,Bpos:110.0,Bstd:58.6,StrandBias:-2.0,Multiplicity:3.04
0.100	0.700	0.100	0.100
0.700	0.100	0.100	0.100
0.100	0.100	0.100	0.700
0.100	0.100	0.100	0.700
0.100	0.700	0.100	0.100
0.100	0.100	0.700	0.100
0.700	0.100	0.100	0.100
0.100	0.100	0.100	0.700
>AGGCCTGM	5-AGGCCTGM	5.899244	-72.973585	0	T:2951.0(27.04%),B:8615.8(22.23%),P:1e-31	Tpos:99.3,Tstd:56.1,Bpos:99.6,Bstd:57.2,StrandBias:-0.1,Multiplicity:1.23
0.888	0.046	0.065	0.001
0.001	0.038	0.960	0.001
0.001	0.186	0.769	0.044
0.001	0.997	0.001	0.001
0.001	0.799	0.097	0.103
0.080	0.056	0.154	0.710
0.217	0.128	0.422	0.233
0.318	0.451	0.125	0.107
>TCCGCCCT	6-TCCGCCCT	5.100078	-64.354813	0	T:5426.0(49.72%),B:17224.3(44.44%),P:1e-27	Tpos:98.8,Tstd:56.1,Bpos:97.3,Bstd:59.4,StrandBias:0.0,Multiplicity:1.66
0.115	0.228	0.027	0.630
0.097	0.772	0.035	0.096
0.086	0.732	0.091	0.091
0.116	0.063	0.739	0.082
0.032	0.829	0.097	0.042
0.066	0.801	0.053	0.080
0.091	0.767	0.045	0.097
0.121	0.119	0.027	0.733
>CCGGAAAT	7-CCGGAAAT	5.912814	-53.113029	0	T:1691.0(15.49%),B:4746.2(12.25%),P:1e-23	Tpos:99.3,Tstd:57.2,Bpos:97.2,Bstd:58.6,StrandBias:-0.0,Multiplicity:1.14
0.038	0.960	0.001	0.001
0.080	0.836	0.083	0.001
0.048	0.001	0.950	0.001
0.025	0.001	0.947	0.027
0.923	0.051	0.025	0.001
0.997	0.001	0.001	0.001
0.739	0.117	0.143	0.001
0.038	0.130	0.101	0.731
>GCCAATCC	8-GCCAATCC	5.695575	-52.863747	0	T:1565.0(14.34%),B:4346.2(11.21%),P:1e-22	Tpos:100.8,Tstd:55.4,Bpos:95.1,Bstd:58.2,StrandBias:0.1,Multiplicity:1.14
0.238	0.302	0.460	0.001
0.001	0.582	0.416	0.001
0.037	0.645	0.001	0.317
0.652	0.001	0.082	0.265
0.833	0.165	0.001	0.001
0.001	0.001	0.001	0.997
0.267	0.610	0.001	0.122
0.274	0.554	0.171	0.001
>CGGTTTAG	9-CGGTTTAG	4.341352	-50.462636	0	T:4596.0(42.11%),B:14560.9(37.57%),P:1e-21	Tpos:99.5,Tstd:55.5,Bpos:101.5,Bstd:60.2,StrandBias:-0.0,Multiplicity:1.35
0.030	0.785	0.099	0.086
0.102	0.100	0.685	0.113
0.079	0.074	0.743	0.104
0.067	0.084	0.084	0.765
0.069	0.075	0.115	0.741
0.070	0.090	0.046	0.794
0.749	0.081	0.108	0.062
0.078	0.112	0.741	0.069
>ACWGCGWA	10-ACWGCGWA	7.356970	-44.797812	0	T:353.0(3.23%),B:743.4(1.92%),P:1e-19	Tpos:98.3,Tstd:53.5,Bpos:103.4,Bstd:61.0,StrandBias:-0.7,Multiplicity:1.05
0.805	0.001	0.193	0.001
0.001	0.602	0.339	0.058
0.455	0.001	0.051	0.493
0.001	0.001	0.997	0.001
0.001	0.541	0.118	0.340
0.001	0.001	0.753	0.245
0.429	0.001	0.001	0.569
0.914	0.084	0.001	0.001
>TWATCATC	11-TWATCATC	7.199306	-43.695352	0	T:406.0(3.72%),B:895.6(2.31%),P:1e-18	Tpos:101.2,Tstd:56.6,Bpos:101.1,Bstd:57.8,StrandBias:0.4,Multiplicity:1.21
0.120	0.001	0.221	0.658
0.548	0.001	0.017	0.434
0.873	0.001	0.001	0.125
0.001	0.009	0.001	0.989
0.016	0.973	0.009	0.002
0.571	0.234	0.194	0.001
0.001	0.001	0.178	0.820
0.001	0.997	0.001	0.001
>TTGACGTG	12-TTGACGTG	8.236954	-43.315975	0	T:59.0(0.54%),B:49.6(0.13%),P:1e-18	Tpos:113.5,Tstd:47.1,Bpos:94.6,Bstd:60.4,StrandBias:-1.5,Multiplicity:1.05
0.100	0.100	0.100	0.700
0.100	0.100	0.100	0.700
0.100	0.100	0.700	0.100
0.700	0.100	0.100	0.100
0.100	0.700	0.100	0.100
0.100	0.100	0.700	0.100
0.100	0.100	0.100	0.700
0.100	0.100	0.700	0.100
>ATCGMATA	13-ATCGMATA	8.030043	-38.431000	0	T:55.0(0.50%),B:48.4(0.12%),P:1e-16	Tpos:106.2,Tstd:53.1,Bpos:113.9,Bstd:59.4,StrandBias:1.0,Multiplicity:1.00
0.562	0.001	0.326	0.111
0.159	0.001	0.111	0.729
0.001	0.997	0.001	0.001
0.001	0.001	0.997	0.001
0.490	0.508	0.001	0.001
0.836	0.159	0.004	0.001
0.121	0.098	0.160	0.621
0.780	0.001	0.098	0.121
>GGGTGATA	14-GGGTGATA	10.811846	-31.786837	0	T:70.0(0.64%),B:85.5(0.22%),P:1e-13	Tpos:85.8,Tstd:48.8,Bpos:102.8,Bstd:57.1,StrandBias:-1.4,Multiplicity:1.00
0.001	0.001	0.997	0.001
0.001	0.001	0.997	0.001
0.001	0.001	0.997	0.001
0.225	0.001	0.001	0.773
0.001	0.001	0.997	0.001
0.997	0.001	0.001	0.001
0.001	0.001	0.001	0.997
0.997	0.001	0.001	0.001
>CCATTCGA	15-CCATTCGA	6.403081	-24.394825	0	T:411.0(3.77%),B:1041.2(2.69%),P:1e-10	Tpos:102.0,Tstd:54.0,Bpos:102.1,Bstd:58.1,StrandBias:-0.3,Multiplicity:1.15
0.010	0.971	0.018	0.001
0.014	0.880	0.013	0.093
0.806	0.001	0.062	0.131
0.065	0.027	0.001	0.907
0.018	0.093	0.001	0.888
0.001	0.832	0.043	0.124
0.136	0.001	0.827	0.036
0.903	0.022	0.001	0.074
>TCCAATGA	16-TCCAATGA	8.523969	-23.815650	0	T:165.0(1.51%),B:338.5(0.87%),P:1e-10	Tpos:105.6,Tstd:57.6,Bpos:96.9,Bstd:58.6,StrandBias:0.8,Multiplicity:1.03
0.001	0.001	0.208	0.790
0.001	0.997	0.001	0.001
0.001	0.997	0.001	0.001
0.899	0.001	0.099	0.001
0.997	0.001	0.001	0.001
0.001	0.001	0.001	0.997
0.001	0.001	0.997	0.001
0.997	0.001	0.001	0.001
>GATTGCAT	17-GATTGCAT	8.236954	-21.515445	0	T:44.0(0.40%),B:52.7(0.14%),P:1e-9	Tpos:98.5,Tstd:56.4,Bpos:101.6,Bstd:52.1,StrandBias:-0.5,Multiplicity:1.00
0.100	0.100	0.700	0.100
0.700	0.100	0.100	0.100
0.100	0.100	0.100	0.700
0.100	0.100	0.100	0.700
0.100	0.100	0.700	0.100
0.100	0.700	0.100	0.100
0.700	0.100	0.100	0.100
0.100	0.100	0.100	0.700
>ACTACGCA	18-ACTACGCA	6.870547	-21.072322	0	T:347.0(3.18%),B:877.5(2.26%),P:1e-9	Tpos:102.1,Tstd:57.1,Bpos:99.6,Bstd:59.7,StrandBias:-0.2,Multiplicity:1.14
0.694	0.249	0.022	0.035
0.001	0.966	0.001	0.032
0.022	0.029	0.031	0.918
0.858	0.001	0.100	0.041
0.001	0.951	0.047	0.001
0.170	0.041	0.768	0.021
0.018	0.906	0.036	0.040
0.953	0.025	0.001	0.021
>ATTCCATT	19-ATTCCATT	5.368144	-19.738865	0	T:129.0(1.18%),B:261.3(0.67%),P:1e-8	Tpos:105.1,Tstd:57.2,Bpos:103.7,Bstd:54.2,StrandBias:-1.3,Multiplicity:2.42
0.997	0.001	0.001	0.001
0.001	0.001	0.001	0.997
0.001	0.001	0.001	0.997
0.001	0.997	0.001	0.001
0.001	0.970	0.028	0.001
0.879	0.001	0.119	0.001
0.001	0.001	0.001	0.997
0.001	0.001	0.001	0.997
>AAGGTACT	20-AAGGTACT	8.236954	-17.614537	0	T:68.0(0.62%),B:114.1(0.29%),P:1e-7	Tpos:112.7,Tstd:49.6,Bpos:104.6,Bstd:68.0,StrandBias:3.2,Multiplicity:1.54
0.700	0.100	0.100	0.100
0.700	0.100	0.100	0.100
0.100	0.100	0.700	0.100
0.100	0.100	0.700	0.100
0.100	0.100	0.100	0.700
0.700	0.100	0.100	0.100
0.100	0.700	0.100	0.100
0.100	0.100	0.100	0.700
>CCTCCCAC	21-CCTCCCAC	4.013749	-17.157885	0	T:2099.0(19.23%),B:6686.1(17.25%),P:1e-7	Tpos:100.6,Tstd:56.2,Bpos:98.2,Bstd:59.2,StrandBias:-0.1,Multiplicity:1.22
0.001	0.997	0.001	0.001
0.001	0.997	0.001	0.001
0.001	0.001	0.001	0.997
0.001	0.997	0.001	0.001
0.001	0.860	0.001	0.138
0.001	0.997	0.001	0.001
0.841	0.001	0.001	0.157
0.001	0.997	0.001	0.001
>ATTGTAGT	22-ATTGTAGT	9.737516	-16.378224	0	T:55.0(0.50%),B:87.3(0.23%),P:1e-7	Tpos:95.5,Tstd:55.8,Bpos:103.3,Bstd:57.0,StrandBias:-0.1,Multiplicity:1.08
0.997	0.001	0.001	0.001
0.001	0.001	0.001	0.997
0.001	0.264	0.001	0.734
0.001	0.001	0.997	0.001
0.001	0.001	0.001	0.997
0.997	0.001	0.001	0.001
0.001	0.001	0.997	0.001
0.001	0.001	0.001	0.997
>CTGTCACG	23-CTGTCACG	8.368518	-15.833766	0	T:185.0(1.70%),B:439.3(1.13%),P:1e-6	Tpos:98.9,Tstd:57.4,Bpos:102.6,Bstd:59.2,StrandBias:-0.3,Multiplicity:1.21
0.001	0.997	0.001	0.001
0.001	0.001	0.001	0.997
0.001	0.001	0.997	0.001
0.001	0.001	0.001	0.997
0.103	0.895	0.001	0.001
0.997	0.001	0.001	0.001
0.001	0.997	0.001	0.001
0.348	0.001	0.650	0.001
>GCAGTTCA	24-GCAGTTCA	8.715444	-14.821496	0	T:105.0(0.96%),B:220.9(0.57%),P:1e-6	Tpos:124.1,Tstd:55.4,Bpos:109.1,Bstd:55.9,StrandBias:1.4,Multiplicity:1.12
0.001	0.001	0.997	0.001
0.001	0.997	0.001	0.001
0.903	0.001	0.095	0.001
0.001	0.001	0.997	0.001
0.001	0.001	0.001	0.997
0.001	0.001	0.001	0.997
0.001	0.997	0.001	0.001
0.997	0.001	0.001	0.001
>ATATATRT	25-ATATATRT	3.559313	-0.560898	0	T:1077.0(9.87%),B:3843.4(9.92%),P:1e0	Tpos:100.5,Tstd:57.2,Bpos:99.5,Bstd:59.0,StrandBias:0.1,Multiplicity:1.33
0.805	0.017	0.177	0.001
0.001	0.001	0.017	0.981
0.853	0.001	0.145	0.001
0.001	0.001	0.001	0.997
0.690	0.001	0.308	0.001
0.001	0.081	0.001	0.917
0.562	0.001	0.436	0.001
0.001	0.167	0.001	0.831
