>MTGASTCATC	1-MTGASTCATC	6.769742	-209.005665	0	T:448.0(4.10%),B:517.3(1.33%),P:1e-90	Tpos:100.8,Tstd:54.6,Bpos:103.2,Bstd:58.3,StrandBias:0.1,Multiplicity:1.08
0.413	0.274	0.171	0.142
0.078	0.131	0.071	0.720
0.101	0.044	0.689	0.166
0.832	0.071	0.022	0.075
0.099	0.393	0.462	0.046
0.088	0.108	0.104	0.700
0.345	0.503	0.084	0.068
0.763	0.024	0.087	0.126
0.204	0.075	0.275	0.447
0.140	0.526	0.176	0.158
>ATTCCATTCG	2-ATTCCATTCG	13.139855	-171.349978	0	T:42.0(0.38%),B:1.5(0.00%),P:1e-74	Tpos:100.6,Tstd:53.7,Bpos:48.0,Bstd:0.0,StrandBias:-2.3,Multiplicity:1.52
0.997	0.001	0.001	0.001
0.001	0.001	0.005	0.993
0.016	0.001	0.002	0.981
0.011	0.951	0.034	0.004
0.001	0.981	0.002	0.016
0.992	0.006	0.001	0.001
0.003	0.001	0.001	0.995
0.001	0.008	0.020	0.971
0.084	0.702	0.016	0.198
0.070	0.133	0.796	0.001
>TCSATTCGAT	3-TCSATTCGAT	8.272134	-166.341149	0	T:41.0(0.38%),B:1.3(0.00%),P:1e-72	Tpos:95.6,Tstd:54.4,Bpos:162.0,Bstd:0.0,StrandBias:-2.1,Multiplicity:2.66
0.211	0.067	0.088	0.634
0.107	0.538	0.126	0.229
0.120	0.318	0.445	0.117
0.764	0.081	0.094	0.061
0.349	0.085	0.062	0.504
0.089	0.112	0.070	0.729
0.059	0.578	0.295	0.068
0.109	0.180	0.647	0.064
0.758	0.071	0.092	0.079
0.309	0.096	0.062	0.533
>CACGTCAAGA	4-CACGTCAAGA	9.965623	-166.341149	0	T:41.0(0.38%),B:2.0(0.01%),P:1e-72	Tpos:116.9,Tstd:42.3,Bpos:86.7,Bstd:82.6,StrandBias:3.2,Multiplicity:1.00
0.001	0.997	0.001	0.001
0.997	0.001	0.001	0.001
0.001	0.997	0.001	0.001
0.001	0.001	0.997	0.001
0.001	0.001	0.001	0.997
0.001	0.997	0.001	0.001
0.990	0.001	0.008	0.001
0.997	0.001	0.001	0.001
0.021	0.001	0.977	0.001
0.997	0.001	0.001	0.001
>GCTTATCACG	5-GCTTATCACG	11.588578	-151.213654	0	T:44.0(0.40%),B:2.9(0.01%),P:1e-65	Tpos:92.5,Tstd:40.1,Bpos:127.1,Bstd:76.9,StrandBias:3.8,Multiplicity:1.00
0.001	0.001	0.997	0.001
0.001	0.997	0.001	0.001
0.001	0.366	0.001	0.632
0.001	0.001	0.001	0.997
0.997	0.001	0.001	0.001
0.001	0.001	0.001	0.997
0.001	0.997	0.001	0.001
0.632	0.001	0.001	0.366
0.001	0.997	0.001	0.001
0.001	0.263	0.735	0.001
>TAAGGTACTC	6-TAAGGTACTC	10.296193	-133.904282	0	T:40.0(0.37%),B:2.8(0.01%),P:1e-58	Tpos:101.6,Tstd:42.0,Bpos:161.0,Bstd:4.1,StrandBias:4.2,Multiplicity:1.00
0.100	0.100	0.100	0.700
0.700	0.100	0.100	0.100
0.700	0.100	0.100	0.100
0.100	0.100	0.700	0.100
0.100	0.100	0.700	0.100
0.100	0.100	0.100	0.700
0.700	0.100	0.100	0.100
0.100	0.700	0.100	0.100
0.100	0.100	0.100	0.700
0.100	0.700	0.100	0.100
>GAATATCACG	7-GAATATCACG	11.012495	-102.668020	0	T:36.0(0.33%),B:3.9(0.01%),P:1e-44	Tpos:73.7,Tstd:39.6,Bpos:118.1,Bstd:41.2,StrandBias:4.1,Multiplicity:1.00
0.001	0.001	0.787	0.211
0.787	0.001	0.211	0.001
0.787	0.211	0.001	0.001
0.001	0.001	0.001	0.997
0.997	0.001	0.001	0.001
0.001	0.001	0.001	0.997
0.001	0.997	0.001	0.001
0.787	0.001	0.211	0.001
0.001	0.997	0.001	0.001
0.001	0.153	0.845	0.001
>GTACTGTTCC	8-GTACTGTTCC	10.296193	-101.449209	0	T:41.0(0.38%),B:5.9(0.02%),P:1e-44	Tpos:129.1,Tstd:45.2,Bpos:145.4,Bstd:33.5,StrandBias:3.7,Multiplicity:1.00
0.100	0.100	0.700	0.100
0.100	0.100	0.100	0.700
0.700	0.100	0.100	0.100
0.100	0.700	0.100	0.100
0.100	0.100	0.100	0.700
0.100	0.100	0.700	0.100
0.100	0.100	0.100	0.700
0.100	0.100	0.100	0.700
0.100	0.700	0.100	0.100
0.100	0.700	0.100	0.100
>CTATCGTGAA	9-CTATCGTGAA	10.789249	-81.752534	0	T:54.0(0.49%),B:18.4(0.05%),P:1e-35	Tpos:101.2,Tstd:53.2,Bpos:90.3,Bstd:41.1,StrandBias:0.4,Multiplicity:1.24
0.001	0.844	0.001	0.154
0.001	0.001	0.001	0.997
0.997	0.001	0.001	0.001
0.001	0.001	0.001	0.997
0.001	0.997	0.001	0.001
0.001	0.001	0.579	0.419
0.001	0.001	0.266	0.732
0.001	0.001	0.997	0.001
0.997	0.001	0.001	0.001
0.997	0.001	0.001	0.001
>CGGKKMAGTA	10-CGGKKMAGTA	10.931152	-75.469906	0	T:35.0(0.32%),B:6.6(0.02%),P:1e-32	Tpos:59.1,Tstd:50.8,Bpos:107.7,Bstd:35.1,StrandBias:3.5,Multiplicity:1.06
0.001	0.997	0.001	0.001
0.001	0.001	0.997	0.001
0.031	0.001	0.967	0.001
0.001	0.001	0.492	0.506
0.050	0.001	0.407	0.542
0.457	0.540	0.001	0.002
0.558	0.034	0.001	0.407
0.050	0.001	0.899	0.050
0.001	0.001	0.001	0.997
0.997	0.001	0.001	0.001
>TCCATTCGAT	11-TCCATTCGAT	10.563070	-72.912761	0	T:48.0(0.44%),B:16.7(0.04%),P:1e-31	Tpos:106.4,Tstd:53.2,Bpos:117.3,Bstd:43.3,StrandBias:-2.4,Multiplicity:2.24
0.204	0.001	0.052	0.743
0.010	0.753	0.001	0.236
0.095	0.852	0.052	0.001
0.885	0.082	0.032	0.001
0.001	0.041	0.001	0.957
0.019	0.001	0.001	0.979
0.001	0.699	0.135	0.165
0.269	0.042	0.647	0.042
0.893	0.001	0.001	0.105
0.001	0.019	0.001	0.979
>CTGCGGCAAT	12-CTGCGGCAAT	10.296193	-65.372938	0	T:23.0(0.21%),B:2.9(0.01%),P:1e-28	Tpos:34.7,Tstd:22.3,Bpos:129.8,Bstd:40.5,StrandBias:3.4,Multiplicity:1.00
0.100	0.700	0.100	0.100
0.100	0.100	0.100	0.700
0.100	0.100	0.700	0.100
0.100	0.700	0.100	0.100
0.100	0.100	0.700	0.100
0.100	0.100	0.700	0.100
0.100	0.700	0.100	0.100
0.700	0.100	0.100	0.100
0.700	0.100	0.100	0.100
0.100	0.100	0.100	0.700
>TAAGTCAGGC	13-TAAGTCAGGC	10.296193	-64.613583	0	T:33.0(0.30%),B:7.7(0.02%),P:1e-28	Tpos:135.4,Tstd:49.7,Bpos:137.3,Bstd:45.9,StrandBias:4.0,Multiplicity:1.00
0.100	0.100	0.100	0.700
0.700	0.100	0.100	0.100
0.700	0.100	0.100	0.100
0.100	0.100	0.700	0.100
0.100	0.100	0.100	0.700
0.100	0.700	0.100	0.100
0.700	0.100	0.100	0.100
0.100	0.100	0.700	0.100
0.100	0.100	0.700	0.100
0.100	0.700	0.100	0.100
>CTTGGCTTGG	14-CTTGGCTTGG	10.774810	-63.145833	0	T:65.0(0.60%),B:40.7(0.10%),P:1e-27	Tpos:116.4,Tstd:45.8,Bpos:88.2,Bstd:53.6,StrandBias:-1.6,Multiplicity:1.00
0.001	0.997	0.001	0.001
0.001	0.001	0.001	0.997
0.001	0.001	0.001	0.997
0.001	0.001	0.997	0.001
0.100	0.001	0.898	0.001
0.001	0.997	0.001	0.001
0.001	0.001	0.001	0.997
0.001	0.001	0.001	0.997
0.001	0.052	0.946	0.001
0.001	0.001	0.997	0.001
>ACTTGGAACA	15-ACTTGGAACA	10.296193	-60.479080	0	T:33.0(0.30%),B:8.1(0.02%),P:1e-26	Tpos:53.3,Tstd:29.3,Bpos:121.3,Bstd:65.2,StrandBias:5.0,Multiplicity:1.00
0.700	0.100	0.100	0.100
0.100	0.700	0.100	0.100
0.100	0.100	0.100	0.700
0.100	0.100	0.100	0.700
0.100	0.100	0.700	0.100
0.100	0.100	0.700	0.100
0.700	0.100	0.100	0.100
0.700	0.100	0.100	0.100
0.100	0.700	0.100	0.100
0.700	0.100	0.100	0.100
>TCCGCCCTTA	16-TCCGCCCTTA	6.430017	-57.775339	0	T:1398.0(12.81%),B:3766.6(9.72%),P:1e-25	Tpos:97.8,Tstd:55.2,Bpos:96.5,Bstd:57.7,StrandBias:0.1,Multiplicity:1.16
0.055	0.064	0.043	0.838
0.040	0.826	0.123	0.011
0.075	0.822	0.059	0.044
0.158	0.072	0.705	0.065
0.057	0.814	0.065	0.064
0.046	0.895	0.029	0.030
0.050	0.895	0.023	0.032
0.103	0.094	0.026	0.777
0.060	0.203	0.086	0.651
0.780	0.097	0.086	0.037
>TAGGGCTGGC	17-TAGGGCTGGC	10.296193	-52.456298	0	T:37.0(0.34%),B:14.2(0.04%),P:1e-22	Tpos:136.1,Tstd:52.2,Bpos:101.9,Bstd:41.1,StrandBias:2.4,Multiplicity:1.00
0.100	0.100	0.100	0.700
0.700	0.100	0.100	0.100
0.100	0.100	0.700	0.100
0.100	0.100	0.700	0.100
0.100	0.100	0.700	0.100
0.100	0.700	0.100	0.100
0.100	0.100	0.100	0.700
0.100	0.100	0.700	0.100
0.100	0.100	0.700	0.100
0.100	0.700	0.100	0.100
>TCGAATAACA	18-TCGAATAACA	10.329344	-43.808197	0	T:17.0(0.16%),B:2.8(0.01%),P:1e-19	Tpos:130.4,Tstd:49.3,Bpos:187.0,Bstd:3.6,StrandBias:2.8,Multiplicity:1.00
0.001	0.001	0.001	0.997
0.001	0.997	0.001	0.001
0.001	0.001	0.997	0.001
0.997	0.001	0.001	0.001
0.997	0.001	0.001	0.001
0.001	0.030	0.001	0.968
0.997	0.001	0.001	0.001
0.997	0.001	0.001	0.001
0.001	0.997	0.001	0.001
0.997	0.001	0.001	0.001
>GGCGTTTTTT	19-GGCGTTTTTT	10.296193	-37.047397	0	T:15.0(0.14%),B:2.9(0.01%),P:1e-16	Tpos:70.5,Tstd:32.4,Bpos:75.4,Bstd:46.6,StrandBias:3.8,Multiplicity:1.00
0.100	0.100	0.700	0.100
0.100	0.100	0.700	0.100
0.100	0.700	0.100	0.100
0.100	0.100	0.700	0.100
0.100	0.100	0.100	0.700
0.100	0.100	0.100	0.700
0.100	0.100	0.100	0.700
0.100	0.100	0.100	0.700
0.100	0.100	0.100	0.700
0.100	0.100	0.100	0.700
>TTCCATTCGA	20-TTCCATTCGA	6.539070	-36.106124	0	T:82.0(0.75%),B:101.3(0.26%),P:1e-15	Tpos:100.8,Tstd:56.3,Bpos:95.0,Bstd:49.0,StrandBias:-1.4,Multiplicity:2.34
0.212	0.158	0.179	0.451
0.148	0.152	0.161	0.539
0.133	0.575	0.109	0.183
0.112	0.598	0.155	0.135
0.624	0.098	0.145	0.133
0.166	0.125	0.115	0.594
0.164	0.105	0.117	0.614
0.167	0.592	0.141	0.100
0.114	0.126	0.712	0.048
0.487	0.196	0.150	0.167
>TATCATCTGC	21-TATCATCTGC	12.137633	-21.360143	0	T:10.0(0.09%),B:2.3(0.01%),P:1e-9	Tpos:99.0,Tstd:54.0,Bpos:130.1,Bstd:25.0,StrandBias:1.1,Multiplicity:2.44
0.001	0.001	0.001	0.997
0.997	0.001	0.001	0.001
0.001	0.001	0.001	0.997
0.001	0.997	0.001	0.001
0.997	0.001	0.001	0.001
0.001	0.001	0.001	0.997
0.001	0.997	0.001	0.001
0.001	0.183	0.054	0.762
0.001	0.001	0.997	0.001
0.001	0.997	0.001	0.001
>GAGGATTATC	22-GAGGATTATC	10.859972	-19.600222	0	T:12.0(0.11%),B:4.9(0.01%),P:1e-8	Tpos:98.3,Tstd:59.7,Bpos:96.7,Bstd:60.5,StrandBias:-2.1,Multiplicity:2.17
0.001	0.001	0.997	0.001
0.997	0.001	0.001	0.001
0.001	0.001	0.997	0.001
0.001	0.001	0.997	0.001
0.997	0.001	0.001	0.001
0.001	0.001	0.001	0.997
0.001	0.001	0.001	0.997
0.997	0.001	0.001	0.001
0.001	0.051	0.001	0.947
0.001	0.997	0.001	0.001
>GTCTTGATAT	23-GTCTTGATAT	10.296193	-18.477334	0	T:9.0(0.08%),B:2.5(0.01%),P:1e-8	Tpos:105.6,Tstd:60.7,Bpos:123.2,Bstd:42.7,StrandBias:1.6,Multiplicity:1.78
0.100	0.100	0.700	0.100
0.100	0.100	0.100	0.700
0.100	0.700	0.100	0.100
0.100	0.100	0.100	0.700
0.100	0.100	0.100	0.700
0.100	0.100	0.700	0.100
0.700	0.100	0.100	0.100
0.100	0.100	0.100	0.700
0.700	0.100	0.100	0.100
0.100	0.100	0.100	0.700
>GYGTGCAWAT	24-GYGTGCAWAT	11.298264	-10.441887	0	T:7.0(0.06%),B:3.8(0.01%),P:1e-4	Tpos:97.1,Tstd:45.6,Bpos:101.5,Bstd:40.8,StrandBias:10.0,Multiplicity:2.43
0.001	0.043	0.955	0.001
0.001	0.570	0.001	0.428
0.001	0.001	0.997	0.001
0.003	0.011	0.001	0.985
0.024	0.097	0.878	0.001
0.001	0.976	0.022	0.001
0.640	0.053	0.075	0.232
0.436	0.001	0.091	0.473
0.849	0.107	0.022	0.022
0.162	0.107	0.022	0.709
>RTATATATAT	25-RTATATATAT	8.662350	-0.939088	0	T:53.0(0.49%),B:180.7(0.47%),P:1e0	Tpos:104.0,Tstd:56.2,Bpos:84.6,Bstd:59.1,StrandBias:0.4,Multiplicity:2.79
0.546	0.001	0.452	0.001
0.001	0.062	0.001	0.936
0.724	0.001	0.274	0.001
0.001	0.015	0.001	0.983
0.978	0.001	0.020	0.001
0.001	0.249	0.048	0.702
0.653	0.001	0.345	0.001
0.001	0.104	0.001	0.894
0.736	0.004	0.259	0.001
0.028	0.175	0.001	0.796
