>GGCCTTTACC	1-GGCCTTTACC	6.561095	-42.654017	0	T:1406.0(12.35%),B:3761.2(9.78%),P:1e-18	Tpos:98.2,Tstd:55.9,Bpos:98.9,Bstd:56.7,StrandBias:-0.1,Multiplicity:1.08
0.087	0.077	0.774	0.062
0.053	0.096	0.778	0.073
0.059	0.831	0.059	0.051
0.046	0.854	0.020	0.080
0.059	0.063	0.061	0.817
0.056	0.080	0.071	0.793
0.063	0.056	0.041	0.840
0.740	0.088	0.078	0.094
0.044	0.798	0.085	0.073
0.080	0.779	0.059	0.082
>ATTCGTTGAC	2-ATTCGTTGAC	11.241421	-33.302951	0	T:19.0(0.17%),B:5.7(0.01%),P:1e-14	Tpos:96.6,Tstd:40.7,Bpos:97.1,Bstd:50.8,StrandBias:0.2,Multiplicity:1.00
0.997	0.001	0.001	0.001
0.001	0.001	0.001	0.997
0.001	0.001	0.001	0.997
0.001	0.997	0.001	0.001
0.267	0.001	0.731	0.001
0.365	0.001	0.001	0.633
0.001	0.001	0.238	0.760
0.001	0.001	0.997	0.001
0.633	0.001	0.365	0.001
0.001	0.997	0.001	0.001
>GATGAGTCAT	3-GATGAGTCAT	9.537544	-28.867306	0	T:125.0(1.10%),B:205.0(0.53%),P:1e-12	Tpos:92.2,Tstd:53.0,Bpos:99.0,Bstd:51.1,StrandBias:0.2,Multiplicity:1.08
0.001	0.372	0.577	0.050
0.690	0.308	0.001	0.001
0.001	0.001	0.001	0.997
0.001	0.001	0.997	0.001
0.997	0.001	0.001	0.001
0.001	0.356	0.642	0.001
0.001	0.001	0.216	0.782
0.176	0.822	0.001	0.001
0.789	0.001	0.001	0.209
0.001	0.001	0.297	0.701
>CAGGTATCCA	4-CAGGTATCCA	10.505602	-27.430633	0	T:22.0(0.19%),B:11.0(0.03%),P:1e-11	Tpos:107.0,Tstd:50.1,Bpos:89.9,Bstd:38.0,StrandBias:0.0,Multiplicity:1.00
0.001	0.997	0.001	0.001
0.950	0.001	0.048	0.001
0.001	0.048	0.950	0.001
0.001	0.001	0.997	0.001
0.001	0.001	0.001	0.997
0.997	0.001	0.001	0.001
0.001	0.001	0.001	0.997
0.001	0.997	0.001	0.001
0.001	0.997	0.001	0.001
0.780	0.001	0.001	0.218
>GTGCGACCAA	5-GTGCGACCAA	10.632690	-27.348997	0	T:21.0(0.18%),B:9.7(0.03%),P:1e-11	Tpos:95.5,Tstd:58.0,Bpos:97.3,Bstd:64.1,StrandBias:-0.4,Multiplicity:1.00
0.394	0.001	0.604	0.001
0.162	0.001	0.162	0.675
0.161	0.001	0.837	0.001
0.001	0.997	0.001	0.001
0.001	0.001	0.997	0.001
0.880	0.001	0.118	0.001
0.001	0.997	0.001	0.001
0.001	0.997	0.001	0.001
0.997	0.001	0.001	0.001
0.997	0.001	0.001	0.001
>ATTCCATTCG	6-ATTCCATTCG	9.870605	-26.477688	0	T:15.0(0.13%),B:4.5(0.01%),P:1e-11	Tpos:98.9,Tstd:45.2,Bpos:88.7,Bstd:46.5,StrandBias:0.6,Multiplicity:1.67
0.997	0.001	0.001	0.001
0.001	0.001	0.001	0.997
0.001	0.027	0.001	0.971
0.027	0.803	0.169	0.001
0.001	0.997	0.001	0.001
0.997	0.001	0.001	0.001
0.001	0.067	0.001	0.931
0.001	0.067	0.001	0.931
0.001	0.997	0.001	0.001
0.001	0.001	0.997	0.001
>CCGGTCTATT	7-CCGGTCTATT	11.823341	-25.419440	0	T:17.0(0.15%),B:6.3(0.02%),P:1e-11	Tpos:113.0,Tstd:56.8,Bpos:91.1,Bstd:41.0,StrandBias:0.2,Multiplicity:1.00
0.001	0.997	0.001	0.001
0.423	0.575	0.001	0.001
0.001	0.001	0.997	0.001
0.001	0.001	0.997	0.001
0.001	0.001	0.001	0.997
0.001	0.997	0.001	0.001
0.001	0.001	0.001	0.997
0.997	0.001	0.001	0.001
0.001	0.001	0.315	0.683
0.001	0.001	0.001	0.997
>CTTTTATTAG	8-CTTTTATTAG	12.366226	-25.419440	0	T:17.0(0.15%),B:6.4(0.02%),P:1e-11	Tpos:96.3,Tstd:54.5,Bpos:79.1,Bstd:52.2,StrandBias:1.4,Multiplicity:1.06
0.001	0.997	0.001	0.001
0.001	0.001	0.001	0.997
0.001	0.001	0.001	0.997
0.001	0.001	0.001	0.997
0.001	0.001	0.001	0.997
0.997	0.001	0.001	0.001
0.001	0.001	0.001	0.997
0.001	0.001	0.001	0.997
0.768	0.230	0.001	0.001
0.001	0.001	0.997	0.001
>CTGAATGGTT	9-CTGAATGGTT	10.296193	-24.025234	0	T:9.0(0.08%),B:1.8(0.00%),P:1e-10	Tpos:123.3,Tstd:58.2,Bpos:56.4,Bstd:8.9,StrandBias:0.3,Multiplicity:1.00
0.100	0.700	0.100	0.100
0.100	0.100	0.100	0.700
0.100	0.100	0.700	0.100
0.700	0.100	0.100	0.100
0.700	0.100	0.100	0.100
0.100	0.100	0.100	0.700
0.100	0.100	0.700	0.100
0.100	0.100	0.700	0.100
0.100	0.100	0.100	0.700
0.100	0.100	0.100	0.700
>CCTACTTCCG	10-CCTACTTCCG	8.711772	-24.025234	0	T:9.0(0.08%),B:1.1(0.00%),P:1e-10	Tpos:102.7,Tstd:58.1,Bpos:153.0,Bstd:0.0,StrandBias:-0.3,Multiplicity:1.00
0.147	0.576	0.129	0.148
0.138	0.572	0.164	0.126
0.141	0.099	0.123	0.637
0.653	0.116	0.102	0.129
0.173	0.515	0.153	0.159
0.158	0.115	0.146	0.581
0.186	0.115	0.135	0.564
0.161	0.545	0.149	0.145
0.106	0.667	0.150	0.077
0.103	0.104	0.689	0.104
>CGTCATACTC	11-CGTCATACTC	8.918428	-23.812406	0	T:11.0(0.10%),B:2.5(0.01%),P:1e-10	Tpos:117.6,Tstd:51.4,Bpos:163.9,Bstd:23.3,StrandBias:1.7,Multiplicity:1.55
0.001	0.997	0.001	0.001
0.001	0.001	0.997	0.001
0.001	0.001	0.001	0.997
0.001	0.997	0.001	0.001
0.997	0.001	0.001	0.001
0.001	0.423	0.001	0.575
0.997	0.001	0.001	0.001
0.022	0.976	0.001	0.001
0.001	0.001	0.423	0.575
0.001	0.997	0.001	0.001
>GCGTSAGCCY	12-GCGTSAGCCY	7.304713	-23.263238	0	T:342.0(3.00%),B:803.7(2.09%),P:1e-10	Tpos:105.2,Tstd:56.8,Bpos:102.5,Bstd:54.7,StrandBias:-0.0,Multiplicity:1.10
0.041	0.007	0.695	0.257
0.172	0.708	0.007	0.113
0.015	0.241	0.617	0.127
0.004	0.170	0.003	0.823
0.077	0.295	0.416	0.211
0.577	0.002	0.075	0.346
0.085	0.012	0.719	0.184
0.026	0.752	0.016	0.206
0.123	0.577	0.103	0.197
0.205	0.447	0.029	0.319
>ATTCAGTCGW	13-ATTCAGTCGW	11.039980	-20.885011	0	T:10.0(0.09%),B:2.7(0.01%),P:1e-9	Tpos:92.0,Tstd:57.5,Bpos:98.2,Bstd:53.3,StrandBias:0.0,Multiplicity:1.00
0.997	0.001	0.001	0.001
0.001	0.001	0.140	0.858
0.001	0.109	0.193	0.697
0.001	0.997	0.001	0.001
0.997	0.001	0.001	0.001
0.001	0.001	0.997	0.001
0.001	0.192	0.001	0.806
0.001	0.997	0.001	0.001
0.001	0.001	0.997	0.001
0.471	0.001	0.001	0.527
>GGWTTGTAGT	14-GGWTTGTAGT	10.682889	-19.831011	0	T:28.0(0.25%),B:24.8(0.06%),P:1e-8	Tpos:108.3,Tstd:55.3,Bpos:81.8,Bstd:53.8,StrandBias:-0.1,Multiplicity:1.11
0.001	0.001	0.997	0.001
0.001	0.001	0.997	0.001
0.446	0.001	0.251	0.302
0.001	0.001	0.001	0.997
0.208	0.001	0.001	0.790
0.001	0.001	0.997	0.001
0.001	0.001	0.001	0.997
0.997	0.001	0.001	0.001
0.001	0.001	0.997	0.001
0.001	0.178	0.001	0.820
>CAGACGCTCG	15-CAGACGCTCG	10.759880	-19.622099	0	T:11.0(0.10%),B:3.6(0.01%),P:1e-8	Tpos:91.3,Tstd:49.8,Bpos:98.9,Bstd:56.3,StrandBias:1.9,Multiplicity:1.27
0.001	0.997	0.001	0.001
0.997	0.001	0.001	0.001
0.130	0.001	0.868	0.001
0.997	0.001	0.001	0.001
0.001	0.997	0.001	0.001
0.001	0.001	0.997	0.001
0.001	0.997	0.001	0.001
0.001	0.001	0.001	0.997
0.001	0.945	0.001	0.053
0.001	0.001	0.997	0.001
>ATGAGSAACG	16-ATGAGSAACG	10.274921	-15.323473	0	T:14.0(0.12%),B:8.6(0.02%),P:1e-6	Tpos:107.3,Tstd:53.5,Bpos:140.2,Bstd:46.5,StrandBias:1.0,Multiplicity:1.29
0.729	0.218	0.001	0.052
0.001	0.001	0.001	0.997
0.105	0.052	0.738	0.105
0.842	0.105	0.001	0.052
0.001	0.218	0.624	0.157
0.052	0.437	0.406	0.105
0.844	0.052	0.052	0.052
0.895	0.052	0.001	0.052
0.001	0.997	0.001	0.001
0.001	0.001	0.997	0.001
>CTACTGTAGG	17-CTACTGTAGG	10.296193	-15.323300	0	T:8.0(0.07%),B:2.9(0.01%),P:1e-6	Tpos:90.7,Tstd:58.6,Bpos:151.9,Bstd:36.7,StrandBias:-0.3,Multiplicity:1.38
0.100	0.700	0.100	0.100
0.100	0.100	0.100	0.700
0.700	0.100	0.100	0.100
0.100	0.700	0.100	0.100
0.100	0.100	0.100	0.700
0.100	0.100	0.700	0.100
0.100	0.100	0.100	0.700
0.700	0.100	0.100	0.100
0.100	0.100	0.700	0.100
0.100	0.100	0.700	0.100
>AGCCTTTAGC	18-AGCCTTTAGC	6.549489	-13.113196	0	T:809.0(7.11%),B:2325.3(6.05%),P:1e-5	Tpos:98.4,Tstd:54.6,Bpos:100.8,Bstd:55.2,StrandBias:0.1,Multiplicity:1.05
0.904	0.015	0.001	0.080
0.143	0.071	0.759	0.027
0.126	0.779	0.042	0.053
0.067	0.787	0.071	0.075
0.088	0.105	0.104	0.703
0.104	0.057	0.085	0.754
0.006	0.051	0.111	0.832
0.791	0.052	0.047	0.110
0.060	0.001	0.880	0.059
0.084	0.811	0.049	0.056
>CCAGTACCCA	19-CCAGTACCCA	10.296193	-12.522139	0	T:10.0(0.09%),B:5.3(0.01%),P:1e-5	Tpos:113.3,Tstd:55.6,Bpos:108.6,Bstd:42.3,StrandBias:2.4,Multiplicity:1.90
0.100	0.700	0.100	0.100
0.100	0.700	0.100	0.100
0.700	0.100	0.100	0.100
0.100	0.100	0.700	0.100
0.100	0.100	0.100	0.700
0.700	0.100	0.100	0.100
0.100	0.700	0.100	0.100
0.100	0.700	0.100	0.100
0.100	0.700	0.100	0.100
0.700	0.100	0.100	0.100
>TGGATAAGAG	20-TGGATAAGAG	10.296193	-11.375183	0	T:11.0(0.10%),B:7.7(0.02%),P:1e-4	Tpos:104.1,Tstd:51.8,Bpos:91.9,Bstd:71.7,StrandBias:2.2,Multiplicity:1.55
0.100	0.100	0.100	0.700
0.100	0.100	0.700	0.100
0.100	0.100	0.700	0.100
0.700	0.100	0.100	0.100
0.100	0.100	0.100	0.700
0.700	0.100	0.100	0.100
0.700	0.100	0.100	0.100
0.100	0.100	0.700	0.100
0.700	0.100	0.100	0.100
0.100	0.100	0.700	0.100
>TTGCCTCACA	21-TTGCCTCACA	10.783339	-9.885483	0	T:14.0(0.12%),B:13.5(0.04%),P:1e-4	Tpos:85.0,Tstd:52.7,Bpos:99.3,Bstd:61.9,StrandBias:0.1,Multiplicity:1.50
0.001	0.001	0.001	0.997
0.001	0.001	0.001	0.997
0.001	0.001	0.997	0.001
0.001	0.997	0.001	0.001
0.001	0.942	0.056	0.001
0.001	0.001	0.001	0.997
0.001	0.997	0.001	0.001
0.841	0.001	0.157	0.001
0.001	0.997	0.001	0.001
0.997	0.001	0.001	0.001
>TATATGTATA	22-TATATGTATA	12.477157	-8.868592	0	T:16.0(0.14%),B:18.9(0.05%),P:1e-3	Tpos:99.0,Tstd:47.7,Bpos:106.6,Bstd:48.4,StrandBias:0.0,Multiplicity:2.12
0.001	0.001	0.072	0.926
0.997	0.001	0.001	0.001
0.001	0.001	0.001	0.997
0.997	0.001	0.001	0.001
0.001	0.001	0.001	0.997
0.001	0.001	0.997	0.001
0.001	0.001	0.001	0.997
0.687	0.311	0.001	0.001
0.001	0.001	0.001	0.997
0.887	0.001	0.111	0.001
>ATCCAGGCGA	23-ATCCAGGCGA	10.913390	-7.898040	0	T:5.0(0.04%),B:2.6(0.01%),P:1e-3	Tpos:113.7,Tstd:56.4,Bpos:51.7,Bstd:46.3,StrandBias:1.4,Multiplicity:2.20
0.997	0.001	0.001	0.001
0.001	0.001	0.001	0.997
0.001	0.941	0.001	0.057
0.057	0.941	0.001	0.001
0.997	0.001	0.001	0.001
0.001	0.001	0.997	0.001
0.001	0.001	0.997	0.001
0.001	0.997	0.001	0.001
0.001	0.001	0.997	0.001
0.997	0.001	0.001	0.001
>CGTGACAGGA	24-CGTGACAGGA	11.107598	-7.325340	0	T:12.0(0.11%),B:13.1(0.03%),P:1e-3	Tpos:105.4,Tstd:53.7,Bpos:122.1,Bstd:54.6,StrandBias:1.8,Multiplicity:2.25
0.001	0.997	0.001	0.001
0.001	0.001	0.997	0.001
0.001	0.001	0.001	0.997
0.001	0.001	0.997	0.001
0.997	0.001	0.001	0.001
0.001	0.997	0.001	0.001
0.997	0.001	0.001	0.001
0.001	0.001	0.912	0.086
0.001	0.098	0.900	0.001
0.839	0.001	0.159	0.001
>GACGGGTGTG	25-GACGGGTGTG	10.296193	-4.352021	0	T:4.0(0.04%),B:3.6(0.01%),P:1e-1	Tpos:100.8,Tstd:58.3,Bpos:84.5,Bstd:86.6,StrandBias:10.0,Multiplicity:2.75
0.100	0.100	0.700	0.100
0.700	0.100	0.100	0.100
0.100	0.700	0.100	0.100
0.100	0.100	0.700	0.100
0.100	0.100	0.700	0.100
0.100	0.100	0.700	0.100
0.100	0.100	0.100	0.700
0.100	0.100	0.700	0.100
0.100	0.100	0.100	0.700
0.100	0.100	0.700	0.100
