>NCGNWWHN	1-NCGNWWHN	3.753725	-55.258986	0	T:4232.0(37.17%),B:12550.5(32.64%),P:1e-23	Tpos:99.6,Tstd:55.9,Bpos:100.1,Bstd:59.9,StrandBias:-0.0,Multiplicity:1.36
0.202	0.295	0.294	0.209
0.001	0.997	0.001	0.001
0.001	0.001	0.997	0.001
0.267	0.204	0.235	0.295
0.406	0.147	0.083	0.364
0.483	0.180	0.001	0.336
0.329	0.288	0.166	0.218
0.314	0.259	0.198	0.228
>CGCCGTTT	2-CGCCGTTT	4.427513	-50.719714	0	T:3850.0(33.82%),B:11378.7(29.59%),P:1e-22	Tpos:99.5,Tstd:55.5,Bpos:99.1,Bstd:58.6,StrandBias:-0.0,Multiplicity:1.31
0.071	0.723	0.080	0.126
0.081	0.062	0.734	0.123
0.080	0.712	0.116	0.092
0.060	0.819	0.082	0.039
0.072	0.134	0.711	0.083
0.074	0.088	0.090	0.748
0.065	0.056	0.055	0.824
0.115	0.093	0.059	0.733
>CCTATCCC	3-CCTATCCC	5.295386	-34.068102	0	T:2575.0(22.62%),B:7547.9(19.63%),P:1e-14	Tpos:99.2,Tstd:56.1,Bpos:100.4,Bstd:56.4,StrandBias:-0.0,Multiplicity:1.18
0.157	0.785	0.001	0.057
0.001	0.777	0.068	0.154
0.200	0.001	0.042	0.757
0.932	0.001	0.066	0.001
0.294	0.053	0.026	0.627
0.023	0.795	0.181	0.001
0.001	0.864	0.034	0.101
0.001	0.824	0.156	0.019
>CAGTACRC	4-CAGTACRC	6.205797	-29.146716	0	T:1399.0(12.29%),B:3912.4(10.18%),P:1e-12	Tpos:101.7,Tstd:56.6,Bpos:99.5,Bstd:57.1,StrandBias:0.1,Multiplicity:1.13
0.257	0.607	0.024	0.112
0.997	0.001	0.001	0.001
0.095	0.234	0.449	0.222
0.001	0.001	0.001	0.997
0.592	0.352	0.001	0.055
0.001	0.997	0.001	0.001
0.288	0.277	0.434	0.001
0.001	0.551	0.303	0.145
>HTCTTATC	5-HTCTTATC	7.469791	-29.002961	0	T:681.0(5.98%),B:1733.5(4.51%),P:1e-12	Tpos:99.2,Tstd:54.8,Bpos:97.8,Bstd:55.2,StrandBias:-0.0,Multiplicity:1.08
0.383	0.356	0.001	0.260
0.001	0.203	0.199	0.597
0.376	0.622	0.001	0.001
0.001	0.001	0.001	0.997
0.001	0.001	0.001	0.997
0.997	0.001	0.001	0.001
0.001	0.001	0.001	0.997
0.001	0.997	0.001	0.001
>CCATTACA	6-CCATTACA	7.594680	-27.379499	0	T:213.0(1.87%),B:428.9(1.12%),P:1e-11	Tpos:96.5,Tstd:57.5,Bpos:101.8,Bstd:53.7,StrandBias:0.2,Multiplicity:1.05
0.001	0.997	0.001	0.001
0.159	0.647	0.193	0.001
0.997	0.001	0.001	0.001
0.001	0.160	0.001	0.838
0.001	0.001	0.001	0.997
0.997	0.001	0.001	0.001
0.001	0.997	0.001	0.001
0.997	0.001	0.001	0.001
>TATGACGG	7-TATGACGG	9.211372	-25.097791	0	T:44.0(0.39%),B:44.5(0.12%),P:1e-10	Tpos:104.2,Tstd:55.8,Bpos:86.7,Bstd:56.1,StrandBias:0.3,Multiplicity:1.05
0.001	0.001	0.001	0.997
0.997	0.001	0.001	0.001
0.236	0.001	0.001	0.762
0.001	0.001	0.997	0.001
0.997	0.001	0.001	0.001
0.001	0.997	0.001	0.001
0.001	0.001	0.997	0.001
0.001	0.339	0.659	0.001
>TGAGTCAT	8-TGAGTCAT	8.068630	-23.782221	0	T:343.0(3.01%),B:802.3(2.09%),P:1e-10	Tpos:96.2,Tstd:56.3,Bpos:98.7,Bstd:55.2,StrandBias:0.1,Multiplicity:1.08
0.001	0.001	0.001	0.997
0.001	0.001	0.904	0.094
0.997	0.001	0.001	0.001
0.119	0.224	0.656	0.001
0.001	0.001	0.001	0.997
0.001	0.997	0.001	0.001
0.997	0.001	0.001	0.001
0.001	0.196	0.001	0.802
>MGCTCTAK	9-MGCTCTAK	5.454820	-21.984087	0	T:1137.0(9.99%),B:3204.5(8.33%),P:1e-9	Tpos:101.7,Tstd:56.2,Bpos:102.3,Bstd:58.4,StrandBias:0.1,Multiplicity:1.08
0.514	0.405	0.026	0.055
0.361	0.009	0.629	0.001
0.094	0.470	0.281	0.156
0.132	0.263	0.170	0.436
0.001	0.772	0.014	0.213
0.024	0.001	0.263	0.712
0.600	0.337	0.029	0.034
0.025	0.024	0.474	0.476
>TTGCGCAT	10-TTGCGCAT	8.919023	-21.531780	0	T:48.0(0.42%),B:57.8(0.15%),P:1e-9	Tpos:91.7,Tstd:57.4,Bpos:103.1,Bstd:60.8,StrandBias:0.1,Multiplicity:1.00
0.001	0.001	0.001	0.997
0.001	0.001	0.001	0.997
0.001	0.001	0.997	0.001
0.001	0.997	0.001	0.001
0.001	0.001	0.997	0.001
0.001	0.774	0.001	0.224
0.997	0.001	0.001	0.001
0.150	0.001	0.001	0.848
>TACGTTTG	11-TACGTTTG	4.524411	-19.129840	0	T:196.0(1.72%),B:427.1(1.11%),P:1e-8	Tpos:104.3,Tstd:56.3,Bpos:102.7,Bstd:60.3,StrandBias:-0.1,Multiplicity:1.05
0.008	0.001	0.237	0.754
0.997	0.001	0.001	0.001
0.001	0.997	0.001	0.001
0.001	0.001	0.997	0.001
0.001	0.235	0.001	0.763
0.001	0.001	0.001	0.997
0.001	0.238	0.001	0.760
0.001	0.001	0.997	0.001
>TCGCGAYT	12-TCGCGAYT	4.107722	-17.454873	0	T:1050.0(9.22%),B:3005.0(7.82%),P:1e-7	Tpos:100.3,Tstd:55.0,Bpos:100.8,Bstd:60.6,StrandBias:0.1,Multiplicity:1.10
0.156	0.112	0.182	0.550
0.174	0.572	0.126	0.128
0.134	0.152	0.499	0.215
0.201	0.430	0.263	0.106
0.050	0.149	0.707	0.094
0.536	0.203	0.131	0.130
0.208	0.402	0.107	0.282
0.196	0.102	0.254	0.448
>TTAAGGCC	13-TTAAGGCC	6.898123	-17.009410	0	T:641.0(5.63%),B:1747.5(4.54%),P:1e-7	Tpos:99.1,Tstd:57.7,Bpos:101.2,Bstd:56.1,StrandBias:-0.2,Multiplicity:1.05
0.026	0.052	0.038	0.884
0.055	0.069	0.109	0.767
0.912	0.037	0.050	0.001
0.778	0.084	0.107	0.031
0.001	0.001	0.973	0.025
0.091	0.001	0.907	0.001
0.035	0.916	0.048	0.001
0.001	0.904	0.094	0.001
>CGCATAAG	14-CGCATAAG	6.646692	-16.967940	0	T:458.0(4.02%),B:1196.1(3.11%),P:1e-7	Tpos:101.5,Tstd:55.3,Bpos:102.0,Bstd:56.0,StrandBias:0.1,Multiplicity:1.02
0.065	0.731	0.001	0.203
0.060	0.071	0.801	0.068
0.001	0.997	0.001	0.001
0.997	0.001	0.001	0.001
0.037	0.048	0.105	0.810
0.910	0.001	0.001	0.088
0.965	0.001	0.001	0.033
0.219	0.001	0.779	0.001
>CGACACGT	15-CGACACGT	6.305142	-12.478432	0	T:470.0(4.13%),B:1286.4(3.35%),P:1e-5	Tpos:101.5,Tstd:54.3,Bpos:97.1,Bstd:59.1,StrandBias:0.1,Multiplicity:1.08
0.086	0.910	0.003	0.001
0.001	0.001	0.978	0.020
0.630	0.310	0.001	0.059
0.112	0.684	0.149	0.055
0.665	0.324	0.010	0.001
0.084	0.629	0.063	0.224
0.191	0.101	0.570	0.138
0.083	0.001	0.004	0.912
>MTCGAATG	16-MTCGAATG	9.162257	-12.432280	0	T:70.0(0.61%),B:131.3(0.34%),P:1e-5	Tpos:105.3,Tstd:59.4,Bpos:100.7,Bstd:54.2,StrandBias:0.1,Multiplicity:1.19
0.556	0.442	0.001	0.001
0.001	0.001	0.001	0.997
0.001	0.997	0.001	0.001
0.001	0.001	0.997	0.001
0.997	0.001	0.001	0.001
0.997	0.001	0.001	0.001
0.001	0.001	0.001	0.997
0.001	0.001	0.663	0.335
>TTGGTCGC	17-TTGGTCGC	10.647728	-11.368110	0	T:28.0(0.25%),B:37.9(0.10%),P:1e-4	Tpos:99.7,Tstd:61.5,Bpos:106.5,Bstd:62.2,StrandBias:0.4,Multiplicity:1.00
0.001	0.001	0.001	0.997
0.001	0.001	0.001	0.997
0.001	0.001	0.997	0.001
0.001	0.342	0.656	0.001
0.001	0.001	0.001	0.997
0.001	0.997	0.001	0.001
0.001	0.001	0.997	0.001
0.001	0.997	0.001	0.001
>TCCCACGC	18-TCCCACGC	9.612606	-11.156339	0	T:113.0(0.99%),B:250.1(0.65%),P:1e-4	Tpos:103.9,Tstd:55.7,Bpos:98.8,Bstd:60.8,StrandBias:0.3,Multiplicity:1.18
0.001	0.001	0.001	0.997
0.001	0.997	0.001	0.001
0.001	0.997	0.001	0.001
0.233	0.765	0.001	0.001
0.997	0.001	0.001	0.001
0.001	0.997	0.001	0.001
0.001	0.001	0.997	0.001
0.001	0.997	0.001	0.001
>GTCATAAA	19-GTCATAAA	8.236954	-10.350798	0	T:75.0(0.66%),B:154.0(0.40%),P:1e-4	Tpos:98.1,Tstd:58.2,Bpos:96.8,Bstd:53.0,StrandBias:0.9,Multiplicity:1.02
0.100	0.100	0.700	0.100
0.100	0.100	0.100	0.700
0.100	0.700	0.100	0.100
0.700	0.100	0.100	0.100
0.100	0.100	0.100	0.700
0.700	0.100	0.100	0.100
0.700	0.100	0.100	0.100
0.700	0.100	0.100	0.100
>CGCAAATC	20-CGCAAATC	8.236954	-8.802033	0	T:21.0(0.18%),B:28.8(0.07%),P:1e-3	Tpos:111.4,Tstd:48.0,Bpos:78.6,Bstd:44.0,StrandBias:-1.4,Multiplicity:1.00
0.100	0.700	0.100	0.100
0.100	0.100	0.700	0.100
0.100	0.700	0.100	0.100
0.700	0.100	0.100	0.100
0.700	0.100	0.100	0.100
0.700	0.100	0.100	0.100
0.100	0.100	0.100	0.700
0.100	0.700	0.100	0.100
>ACAGGGCA	21-ACAGGGCA	8.236954	-8.602291	0	T:149.0(1.31%),B:371.0(0.96%),P:1e-3	Tpos:106.6,Tstd:57.8,Bpos:99.8,Bstd:55.6,StrandBias:0.3,Multiplicity:1.08
0.700	0.100	0.100	0.100
0.100	0.700	0.100	0.100
0.700	0.100	0.100	0.100
0.100	0.100	0.700	0.100
0.100	0.100	0.700	0.100
0.100	0.100	0.700	0.100
0.100	0.700	0.100	0.100
0.700	0.100	0.100	0.100
>GCTCTACC	22-GCTCTACC	7.899237	-8.567796	0	T:121.0(1.06%),B:290.0(0.75%),P:1e-3	Tpos:103.8,Tstd:55.1,Bpos:102.4,Bstd:52.9,StrandBias:-0.3,Multiplicity:1.12
0.001	0.001	0.997	0.001
0.001	0.764	0.042	0.193
0.001	0.001	0.001	0.997
0.001	0.997	0.001	0.001
0.001	0.001	0.001	0.997
0.997	0.001	0.001	0.001
0.001	0.997	0.001	0.001
0.001	0.997	0.001	0.001
>CACACACA	23-CACACACA	6.828028	-8.252642	0	T:1392.0(12.23%),B:4301.9(11.19%),P:1e-3	Tpos:101.6,Tstd:55.0,Bpos:99.9,Bstd:55.4,StrandBias:0.1,Multiplicity:1.27
0.001	0.934	0.028	0.037
0.829	0.001	0.035	0.135
0.055	0.792	0.045	0.108
0.787	0.133	0.036	0.044
0.001	0.889	0.057	0.053
0.848	0.077	0.033	0.042
0.001	0.997	0.001	0.001
0.920	0.078	0.001	0.001
>CCCTATTC	24-CCCTATTC	8.236954	-7.841313	0	T:58.0(0.51%),B:121.1(0.32%),P:1e-3	Tpos:91.7,Tstd:52.1,Bpos:93.5,Bstd:52.0,StrandBias:1.0,Multiplicity:1.00
0.100	0.700	0.100	0.100
0.100	0.700	0.100	0.100
0.100	0.700	0.100	0.100
0.100	0.100	0.100	0.700
0.700	0.100	0.100	0.100
0.100	0.100	0.100	0.700
0.100	0.100	0.100	0.700
0.100	0.700	0.100	0.100
>CTTCCTGT	25-CTTCCTGT	8.236954	-7.368366	0	T:208.0(1.83%),B:557.5(1.45%),P:1e-3	Tpos:94.5,Tstd:57.7,Bpos:97.9,Bstd:57.5,StrandBias:-0.5,Multiplicity:1.11
0.100	0.700	0.100	0.100
0.100	0.100	0.100	0.700
0.100	0.100	0.100	0.700
0.100	0.700	0.100	0.100
0.100	0.700	0.100	0.100
0.100	0.100	0.100	0.700
0.100	0.100	0.700	0.100
0.100	0.100	0.100	0.700
