>GCATGTCTAGTC	1-GCATGTCTAGTC	11.480738	-62.761464	0	T:19.0(0.17%),B:1.8(0.00%),P:1e-27	Tpos:96.5,Tstd:57.3,Bpos:134.5,Bstd:4.1,StrandBias:0.5,Multiplicity:1.00
0.023	0.093	0.883	0.001
0.001	0.906	0.001	0.092
0.997	0.001	0.001	0.001
0.001	0.001	0.092	0.906
0.001	0.001	0.813	0.185
0.001	0.092	0.001	0.906
0.001	0.997	0.001	0.001
0.023	0.093	0.001	0.883
0.997	0.001	0.001	0.001
0.001	0.001	0.906	0.092
0.001	0.092	0.001	0.906
0.093	0.628	0.093	0.186
>GGGACCCAGTAG	2-GGGACCCAGTAG	11.090019	-46.442800	0	T:15.0(0.13%),B:1.8(0.00%),P:1e-20	Tpos:98.2,Tstd:55.6,Bpos:57.6,Bstd:12.2,StrandBias:-0.9,Multiplicity:1.33
0.001	0.001	0.997	0.001
0.116	0.001	0.805	0.078
0.001	0.001	0.997	0.001
0.921	0.039	0.039	0.001
0.001	0.882	0.039	0.078
0.001	0.997	0.001	0.001
0.001	0.997	0.001	0.001
0.997	0.001	0.001	0.001
0.001	0.001	0.960	0.038
0.001	0.001	0.001	0.997
0.997	0.001	0.001	0.001
0.001	0.001	0.997	0.001
>YSCTGAGTCATC	3-YSCTGAGTCATC	10.464635	-39.790613	0	T:130.0(1.14%),B:186.5(0.49%),P:1e-17	Tpos:101.9,Tstd:56.3,Bpos:95.4,Bstd:52.2,StrandBias:0.2,Multiplicity:1.07
0.001	0.342	0.233	0.424
0.001	0.378	0.503	0.118
0.009	0.989	0.001	0.001
0.001	0.001	0.001	0.997
0.001	0.001	0.997	0.001
0.933	0.001	0.009	0.057
0.001	0.199	0.799	0.001
0.001	0.239	0.001	0.759
0.001	0.997	0.001	0.001
0.864	0.134	0.001	0.001
0.001	0.229	0.292	0.478
0.081	0.455	0.240	0.224
>TTCCCTGTACCA	4-TTCCCTGTACCA	12.969165	-38.656385	0	T:13.0(0.11%),B:0.8(0.00%),P:1e-16	Tpos:105.7,Tstd:55.9,Bpos:91.0,Bstd:0.0,StrandBias:1.1,Multiplicity:1.69
0.001	0.001	0.128	0.870
0.001	0.208	0.001	0.790
0.001	0.997	0.001	0.001
0.258	0.740	0.001	0.001
0.001	0.740	0.001	0.258
0.001	0.001	0.001	0.997
0.001	0.001	0.997	0.001
0.128	0.001	0.001	0.870
0.870	0.128	0.001	0.001
0.139	0.859	0.001	0.001
0.001	0.870	0.128	0.001
0.997	0.001	0.001	0.001
>TCACTCCTGTGG	5-TCACTCCTGTGG	10.525651	-37.543270	0	T:22.0(0.19%),B:6.9(0.02%),P:1e-16	Tpos:102.0,Tstd:56.9,Bpos:104.1,Bstd:52.6,StrandBias:-0.9,Multiplicity:1.32
0.022	0.058	0.033	0.887
0.270	0.590	0.080	0.060
0.646	0.022	0.058	0.274
0.040	0.626	0.281	0.053
0.073	0.289	0.049	0.589
0.081	0.536	0.334	0.049
0.260	0.651	0.027	0.062
0.075	0.053	0.055	0.817
0.063	0.038	0.863	0.036
0.072	0.053	0.236	0.639
0.281	0.040	0.648	0.031
0.044	0.055	0.572	0.329
>AAGGRGMGRAAG	6-AAGGRGMGRAAG	9.861110	-36.322343	0	T:15.0(0.13%),B:2.6(0.01%),P:1e-15	Tpos:126.0,Tstd:56.5,Bpos:61.9,Bstd:51.2,StrandBias:1.0,Multiplicity:1.00
0.596	0.109	0.019	0.276
0.571	0.367	0.019	0.043
0.028	0.101	0.714	0.157
0.193	0.020	0.662	0.125
0.443	0.013	0.523	0.021
0.135	0.224	0.624	0.017
0.352	0.376	0.150	0.122
0.273	0.101	0.471	0.155
0.352	0.111	0.438	0.099
0.689	0.162	0.035	0.114
0.542	0.110	0.210	0.138
0.016	0.035	0.935	0.014
>GTGCCCGAGAAT	7-GTGCCCGAGAAT	10.779230	-36.322343	0	T:15.0(0.13%),B:2.9(0.01%),P:1e-15	Tpos:116.7,Tstd:48.9,Bpos:60.6,Bstd:41.5,StrandBias:0.2,Multiplicity:1.00
0.079	0.061	0.795	0.065
0.091	0.048	0.126	0.735
0.044	0.111	0.776	0.069
0.081	0.777	0.079	0.063
0.070	0.820	0.052	0.058
0.118	0.668	0.081	0.133
0.095	0.143	0.684	0.078
0.781	0.054	0.096	0.069
0.069	0.056	0.829	0.046
0.730	0.075	0.114	0.081
0.695	0.117	0.108	0.080
0.066	0.098	0.121	0.715
>GAATTATATGCT	8-GAATTATATGCT	12.486834	-36.322343	0	T:15.0(0.13%),B:2.1(0.01%),P:1e-15	Tpos:82.9,Tstd:44.5,Bpos:101.0,Bstd:11.7,StrandBias:-0.2,Multiplicity:1.00
0.114	0.001	0.771	0.114
0.820	0.001	0.046	0.133
0.997	0.001	0.001	0.001
0.001	0.001	0.001	0.997
0.001	0.001	0.001	0.997
0.656	0.114	0.001	0.229
0.114	0.001	0.001	0.884
0.884	0.001	0.001	0.114
0.001	0.001	0.001	0.997
0.001	0.114	0.884	0.001
0.001	0.997	0.001	0.001
0.001	0.001	0.001	0.997
>TGGATATATACC	9-TGGATATATACC	13.483571	-34.871601	0	T:12.0(0.11%),B:0.9(0.00%),P:1e-15	Tpos:112.3,Tstd:53.0,Bpos:132.0,Bstd:0.0,StrandBias:-0.2,Multiplicity:1.08
0.001	0.001	0.001	0.997
0.001	0.001	0.997	0.001
0.001	0.106	0.787	0.106
0.997	0.001	0.001	0.001
0.001	0.001	0.001	0.997
0.997	0.001	0.001	0.001
0.001	0.001	0.001	0.997
0.740	0.001	0.001	0.258
0.105	0.001	0.001	0.893
0.893	0.001	0.001	0.105
0.105	0.893	0.001	0.001
0.105	0.893	0.001	0.001
>GCCTGTCCCTCC	10-GCCTGTCCCTCC	12.540410	-27.348997	0	T:21.0(0.18%),B:9.2(0.02%),P:1e-11	Tpos:109.6,Tstd:47.1,Bpos:125.4,Bstd:53.3,StrandBias:-1.5,Multiplicity:1.29
0.001	0.001	0.627	0.371
0.001	0.997	0.001	0.001
0.001	0.997	0.001	0.001
0.001	0.001	0.001	0.997
0.001	0.001	0.997	0.001
0.001	0.001	0.001	0.997
0.001	0.997	0.001	0.001
0.029	0.941	0.029	0.001
0.001	0.997	0.001	0.001
0.001	0.001	0.001	0.997
0.001	0.997	0.001	0.001
0.029	0.941	0.029	0.001
>CCCTTGTCTCAC	11-CCCTTGTCTCAC	13.484236	-26.826171	0	T:12.0(0.11%),B:2.2(0.01%),P:1e-11	Tpos:92.0,Tstd:51.0,Bpos:164.5,Bstd:21.3,StrandBias:1.2,Multiplicity:1.92
0.001	0.824	0.001	0.174
0.174	0.651	0.174	0.001
0.001	0.997	0.001	0.001
0.001	0.001	0.001	0.997
0.001	0.001	0.001	0.997
0.001	0.001	0.997	0.001
0.178	0.120	0.001	0.701
0.174	0.824	0.001	0.001
0.001	0.001	0.001	0.997
0.001	0.824	0.174	0.001
0.997	0.001	0.001	0.001
0.001	0.997	0.001	0.001
>TGAGCCCTGGCC	12-TGAGCCCTGGCC	12.631506	-26.826171	0	T:12.0(0.11%),B:2.4(0.01%),P:1e-11	Tpos:100.7,Tstd:58.5,Bpos:82.7,Bstd:20.4,StrandBias:-1.0,Multiplicity:1.67
0.102	0.051	0.001	0.846
0.052	0.036	0.895	0.017
0.847	0.017	0.001	0.135
0.017	0.155	0.700	0.128
0.052	0.799	0.001	0.148
0.103	0.844	0.052	0.001
0.073	0.614	0.034	0.279
0.053	0.017	0.060	0.870
0.069	0.018	0.718	0.195
0.093	0.017	0.784	0.106
0.017	0.976	0.006	0.001
0.158	0.756	0.017	0.069
>ATCGAATGGAAT	13-ATCGAATGGAAT	10.888081	-25.793685	0	T:16.0(0.14%),B:5.6(0.01%),P:1e-11	Tpos:108.9,Tstd:57.8,Bpos:51.4,Bstd:24.7,StrandBias:0.2,Multiplicity:1.75
0.460	0.234	0.306	0.001
0.001	0.001	0.001	0.997
0.001	0.997	0.001	0.001
0.137	0.001	0.806	0.056
0.997	0.001	0.001	0.001
0.943	0.001	0.001	0.055
0.001	0.001	0.001	0.997
0.001	0.001	0.997	0.001
0.055	0.001	0.943	0.001
0.997	0.001	0.001	0.001
0.997	0.001	0.001	0.001
0.001	0.001	0.001	0.997
>GAGGGTGGAAGC	14-GAGGGTGGAAGC	13.450401	-23.812406	0	T:11.0(0.10%),B:2.4(0.01%),P:1e-10	Tpos:94.7,Tstd:41.8,Bpos:189.5,Bstd:5.4,StrandBias:3.7,Multiplicity:1.27
0.001	0.001	0.997	0.001
0.997	0.001	0.001	0.001
0.001	0.001	0.997	0.001
0.047	0.001	0.951	0.001
0.001	0.001	0.997	0.001
0.001	0.001	0.001	0.997
0.001	0.047	0.951	0.001
0.001	0.001	0.997	0.001
0.997	0.001	0.001	0.001
0.997	0.001	0.001	0.001
0.047	0.001	0.951	0.001
0.001	0.997	0.001	0.001
>TTATCATCCGCT	15-TTATCATCCGCT	11.210930	-22.232458	0	T:12.0(0.11%),B:3.9(0.01%),P:1e-9	Tpos:103.3,Tstd:57.3,Bpos:127.8,Bstd:30.0,StrandBias:0.6,Multiplicity:1.67
0.039	0.078	0.078	0.805
0.117	0.078	0.039	0.766
0.728	0.194	0.001	0.077
0.039	0.001	0.039	0.921
0.039	0.921	0.039	0.001
0.726	0.039	0.117	0.118
0.078	0.078	0.117	0.727
0.001	0.997	0.001	0.001
0.079	0.823	0.040	0.058
0.039	0.078	0.843	0.040
0.077	0.883	0.039	0.001
0.116	0.001	0.001	0.882
>NCCAGTACCCAN	16-NCCAGTACCCAN	9.085895	-18.052066	0	T:9.0(0.08%),B:2.5(0.01%),P:1e-7	Tpos:114.8,Tstd:56.8,Bpos:87.4,Bstd:18.0,StrandBias:2.3,Multiplicity:2.00
0.204	0.341	0.234	0.222
0.120	0.640	0.116	0.124
0.126	0.694	0.083	0.097
0.656	0.109	0.096	0.139
0.121	0.129	0.630	0.120
0.151	0.150	0.156	0.543
0.549	0.160	0.145	0.146
0.123	0.637	0.126	0.114
0.133	0.653	0.093	0.121
0.118	0.687	0.087	0.108
0.637	0.128	0.107	0.128
0.224	0.238	0.331	0.208
>TCCATTCGATGA	17-TCCATTCGATGA	10.409522	-14.136433	0	T:6.0(0.05%),B:1.9(0.00%),P:1e-6	Tpos:106.8,Tstd:60.4,Bpos:85.7,Bstd:2.4,StrandBias:-2.0,Multiplicity:1.67
0.100	0.100	0.100	0.700
0.100	0.700	0.100	0.100
0.100	0.700	0.100	0.100
0.700	0.100	0.100	0.100
0.100	0.100	0.100	0.700
0.100	0.100	0.100	0.700
0.100	0.700	0.100	0.100
0.100	0.100	0.700	0.100
0.700	0.100	0.100	0.100
0.100	0.100	0.100	0.700
0.100	0.100	0.700	0.100
0.700	0.100	0.100	0.100
>CCCCTCCCACGC	18-CCCCTCCCACGC	12.841724	-13.532809	0	T:13.0(0.11%),B:8.9(0.02%),P:1e-5	Tpos:102.2,Tstd:50.6,Bpos:87.1,Bstd:53.7,StrandBias:1.6,Multiplicity:2.15
0.001	0.971	0.001	0.027
0.001	0.997	0.001	0.001
0.001	0.997	0.001	0.001
0.001	0.997	0.001	0.001
0.068	0.001	0.001	0.930
0.027	0.971	0.001	0.001
0.001	0.997	0.001	0.001
0.027	0.971	0.001	0.001
0.997	0.001	0.001	0.001
0.001	0.997	0.001	0.001
0.001	0.001	0.997	0.001
0.001	0.971	0.001	0.027
>GGSACGGGTGTG	19-GGSACGGGTGTG	11.835018	-12.710653	0	T:7.0(0.06%),B:2.3(0.01%),P:1e-5	Tpos:103.9,Tstd:60.3,Bpos:27.4,Bstd:1.6,StrandBias:2.6,Multiplicity:2.00
0.068	0.041	0.824	0.067
0.067	0.054	0.811	0.068
0.001	0.573	0.425	0.001
0.721	0.116	0.040	0.123
0.067	0.839	0.027	0.067
0.096	0.095	0.755	0.054
0.040	0.001	0.904	0.055
0.074	0.166	0.705	0.055
0.001	0.418	0.001	0.580
0.027	0.081	0.851	0.041
0.121	0.013	0.083	0.783
0.054	0.081	0.811	0.054
>TCTCGGGCCGTG	20-TCTCGGGCCGTG	13.123117	-11.119858	0	T:5.0(0.04%),B:1.3(0.00%),P:1e-4	Tpos:98.9,Tstd:55.0,Bpos:18.0,Bstd:0.0,StrandBias:3.8,Multiplicity:3.00
0.037	0.025	0.049	0.889
0.012	0.898	0.048	0.042
0.315	0.042	0.099	0.544
0.012	0.885	0.090	0.013
0.061	0.135	0.792	0.012
0.042	0.048	0.886	0.024
0.061	0.365	0.537	0.037
0.098	0.829	0.037	0.036
0.025	0.903	0.048	0.024
0.025	0.012	0.902	0.061
0.329	0.073	0.088	0.510
0.025	0.012	0.927	0.036
>TATGTTTTTACA	21-TATGTTTTTACA	14.260551	-11.119858	0	T:5.0(0.04%),B:1.8(0.00%),P:1e-4	Tpos:95.5,Tstd:53.0,Bpos:155.4,Bstd:32.9,StrandBias:-0.2,Multiplicity:2.00
0.001	0.001	0.155	0.843
0.997	0.001	0.001	0.001
0.001	0.001	0.001	0.997
0.001	0.001	0.997	0.001
0.001	0.001	0.001	0.997
0.423	0.001	0.001	0.575
0.001	0.001	0.001	0.997
0.268	0.001	0.001	0.730
0.001	0.001	0.001	0.997
0.997	0.001	0.001	0.001
0.001	0.997	0.001	0.001
0.997	0.001	0.001	0.001
>CCCACAGACTCC	22-CCCACAGACTCC	13.215377	-10.229116	0	T:6.0(0.05%),B:2.5(0.01%),P:1e-4	Tpos:100.2,Tstd:51.0,Bpos:73.5,Bstd:47.3,StrandBias:-0.4,Multiplicity:2.67
0.001	0.963	0.035	0.001
0.001	0.997	0.001	0.001
0.001	0.997	0.001	0.001
0.997	0.001	0.001	0.001
0.001	0.997	0.001	0.001
0.997	0.001	0.001	0.001
0.001	0.001	0.963	0.035
0.997	0.001	0.001	0.001
0.001	0.997	0.001	0.001
0.001	0.001	0.001	0.997
0.001	0.997	0.001	0.001
0.001	0.997	0.001	0.001
>CCTCCCACTCCG	23-CCTCCCACTCCG	10.614022	-10.229116	0	T:6.0(0.05%),B:2.8(0.01%),P:1e-4	Tpos:97.2,Tstd:51.7,Bpos:83.7,Bstd:35.1,StrandBias:1.7,Multiplicity:2.17
0.050	0.948	0.001	0.001
0.001	0.997	0.001	0.001
0.001	0.001	0.001	0.997
0.001	0.997	0.001	0.001
0.001	0.997	0.001	0.001
0.001	0.997	0.001	0.001
0.997	0.001	0.001	0.001
0.001	0.997	0.001	0.001
0.001	0.001	0.001	0.997
0.001	0.948	0.001	0.050
0.001	0.997	0.001	0.001
0.001	0.001	0.997	0.001
>CACCACGAGCAG	24-CACCACGAGCAG	13.645970	-8.282770	0	T:4.0(0.04%),B:0.9(0.00%),P:1e-3	Tpos:90.5,Tstd:56.8,Bpos:22.0,Bstd:0.0,StrandBias:2.2,Multiplicity:2.75
0.001	0.997	0.001	0.001
0.997	0.001	0.001	0.001
0.001	0.997	0.001	0.001
0.001	0.997	0.001	0.001
0.946	0.001	0.052	0.001
0.001	0.997	0.001	0.001
0.001	0.001	0.997	0.001
0.997	0.001	0.001	0.001
0.001	0.001	0.997	0.001
0.001	0.997	0.001	0.001
0.997	0.001	0.001	0.001
0.001	0.001	0.997	0.001
>TRTRTATATATA	25-TRTRTATATATA	12.728644	-6.568893	0	T:6.0(0.05%),B:4.0(0.01%),P:1e-2	Tpos:71.7,Tstd:56.4,Bpos:111.3,Bstd:44.9,StrandBias:-1.3,Multiplicity:1.17
0.014	0.136	0.014	0.836
0.538	0.001	0.460	0.001
0.001	0.001	0.071	0.927
0.489	0.001	0.509	0.001
0.001	0.001	0.001	0.997
0.603	0.015	0.280	0.102
0.001	0.001	0.001	0.997
0.534	0.014	0.373	0.079
0.014	0.135	0.001	0.850
0.658	0.001	0.253	0.088
0.001	0.230	0.001	0.768
0.689	0.028	0.282	0.001
