>GGCCTTTACC	1-GGCCTTTACC	6.561095	-42.654017	0	T:1406.0(12.35%),B:3761.2(9.78%),P:1e-18	Tpos:98.2,Tstd:55.9,Bpos:98.9,Bstd:56.7,StrandBias:-0.1,Multiplicity:1.08
0.087	0.077	0.774	0.062
0.053	0.096	0.778	0.073
0.059	0.831	0.059	0.051
0.046	0.854	0.020	0.080
0.059	0.063	0.061	0.817
0.056	0.080	0.071	0.793
0.063	0.056	0.041	0.840
0.740	0.088	0.078	0.094
0.044	0.798	0.085	0.073
0.080	0.779	0.059	0.082
>ATTCGTTGAC	2-ATTCGTTGAC	11.241421	-33.302951	0	T:19.0(0.17%),B:5.7(0.01%),P:1e-14	Tpos:96.6,Tstd:40.7,Bpos:97.1,Bstd:50.8,StrandBias:0.2,Multiplicity:1.00
0.997	0.001	0.001	0.001
0.001	0.001	0.001	0.997
0.001	0.001	0.001	0.997
0.001	0.997	0.001	0.001
0.267	0.001	0.731	0.001
0.365	0.001	0.001	0.633
0.001	0.001	0.238	0.760
0.001	0.001	0.997	0.001
0.633	0.001	0.365	0.001
0.001	0.997	0.001	0.001
>GATGAGTCAT	3-GATGAGTCAT	9.537544	-28.867306	0	T:125.0(1.10%),B:205.0(0.53%),P:1e-12	Tpos:92.2,Tstd:53.0,Bpos:99.0,Bstd:51.1,StrandBias:0.2,Multiplicity:1.08
0.001	0.372	0.577	0.050
0.690	0.308	0.001	0.001
0.001	0.001	0.001	0.997
0.001	0.001	0.997	0.001
0.997	0.001	0.001	0.001
0.001	0.356	0.642	0.001
0.001	0.001	0.216	0.782
0.176	0.822	0.001	0.001
0.789	0.001	0.001	0.209
0.001	0.001	0.297	0.701
>CAGGTATCCA	4-CAGGTATCCA	10.505602	-27.430633	0	T:22.0(0.19%),B:11.0(0.03%),P:1e-11	Tpos:107.0,Tstd:50.1,Bpos:89.9,Bstd:38.0,StrandBias:0.0,Multiplicity:1.00
0.001	0.997	0.001	0.001
0.950	0.001	0.048	0.001
0.001	0.048	0.950	0.001
0.001	0.001	0.997	0.001
0.001	0.001	0.001	0.997
0.997	0.001	0.001	0.001
0.001	0.001	0.001	0.997
0.001	0.997	0.001	0.001
0.001	0.997	0.001	0.001
0.780	0.001	0.001	0.218
>GTGCGACCAA	5-GTGCGACCAA	10.632690	-27.348997	0	T:21.0(0.18%),B:9.7(0.03%),P:1e-11	Tpos:95.5,Tstd:58.0,Bpos:97.3,Bstd:64.1,StrandBias:-0.4,Multiplicity:1.00
0.394	0.001	0.604	0.001
0.162	0.001	0.162	0.675
0.161	0.001	0.837	0.001
0.001	0.997	0.001	0.001
0.001	0.001	0.997	0.001
0.880	0.001	0.118	0.001
0.001	0.997	0.001	0.001
0.001	0.997	0.001	0.001
0.997	0.001	0.001	0.001
0.997	0.001	0.001	0.001
>ATTCCATTCG	6-ATTCCATTCG	9.870605	-26.477688	0	T:15.0(0.13%),B:4.5(0.01%),P:1e-11	Tpos:98.9,Tstd:45.2,Bpos:88.7,Bstd:46.5,StrandBias:0.6,Multiplicity:1.67
0.997	0.001	0.001	0.001
0.001	0.001	0.001	0.997
0.001	0.027	0.001	0.971
0.027	0.803	0.169	0.001
0.001	0.997	0.001	0.001
0.997	0.001	0.001	0.001
0.001	0.067	0.001	0.931
0.001	0.067	0.001	0.931
0.001	0.997	0.001	0.001
0.001	0.001	0.997	0.001
>CCGGTCTATT	7-CCGGTCTATT	11.823341	-25.419440	0	T:17.0(0.15%),B:6.3(0.02%),P:1e-11	Tpos:113.0,Tstd:56.8,Bpos:91.1,Bstd:41.0,StrandBias:0.2,Multiplicity:1.00
0.001	0.997	0.001	0.001
0.423	0.575	0.001	0.001
0.001	0.001	0.997	0.001
0.001	0.001	0.997	0.001
0.001	0.001	0.001	0.997
0.001	0.997	0.001	0.001
0.001	0.001	0.001	0.997
0.997	0.001	0.001	0.001
0.001	0.001	0.315	0.683
0.001	0.001	0.001	0.997
>CTTTTATTAG	8-CTTTTATTAG	12.366226	-25.419440	0	T:17.0(0.15%),B:6.4(0.02%),P:1e-11	Tpos:96.3,Tstd:54.5,Bpos:79.1,Bstd:52.2,StrandBias:1.4,Multiplicity:1.06
0.001	0.997	0.001	0.001
0.001	0.001	0.001	0.997
0.001	0.001	0.001	0.997
0.001	0.001	0.001	0.997
0.001	0.001	0.001	0.997
0.997	0.001	0.001	0.001
0.001	0.001	0.001	0.997
0.001	0.001	0.001	0.997
0.768	0.230	0.001	0.001
0.001	0.001	0.997	0.001
>CTGAATGGTT	9-CTGAATGGTT	10.296193	-24.025234	0	T:9.0(0.08%),B:1.8(0.00%),P:1e-10	Tpos:123.3,Tstd:58.2,Bpos:56.4,Bstd:8.9,StrandBias:0.3,Multiplicity:1.00
0.100	0.700	0.100	0.100
0.100	0.100	0.100	0.700
0.100	0.100	0.700	0.100
0.700	0.100	0.100	0.100
0.700	0.100	0.100	0.100
0.100	0.100	0.100	0.700
0.100	0.100	0.700	0.100
0.100	0.100	0.700	0.100
0.100	0.100	0.100	0.700
0.100	0.100	0.100	0.700
>CCTACTTCCG	10-CCTACTTCCG	8.711772	-24.025234	0	T:9.0(0.08%),B:1.1(0.00%),P:1e-10	Tpos:102.7,Tstd:58.1,Bpos:153.0,Bstd:0.0,StrandBias:-0.3,Multiplicity:1.00
0.147	0.576	0.129	0.148
0.138	0.572	0.164	0.126
0.141	0.099	0.123	0.637
0.653	0.116	0.102	0.129
0.173	0.515	0.153	0.159
0.158	0.115	0.146	0.581
0.186	0.115	0.135	0.564
0.161	0.545	0.149	0.145
0.106	0.667	0.150	0.077
0.103	0.104	0.689	0.104
>CGTCATACTC	11-CGTCATACTC	8.918428	-23.812406	0	T:11.0(0.10%),B:2.5(0.01%),P:1e-10	Tpos:117.6,Tstd:51.4,Bpos:163.9,Bstd:23.3,StrandBias:1.7,Multiplicity:1.55
0.001	0.997	0.001	0.001
0.001	0.001	0.997	0.001
0.001	0.001	0.001	0.997
0.001	0.997	0.001	0.001
0.997	0.001	0.001	0.001
0.001	0.423	0.001	0.575
0.997	0.001	0.001	0.001
0.022	0.976	0.001	0.001
0.001	0.001	0.423	0.575
0.001	0.997	0.001	0.001
>GCGTSAGCCY	12-GCGTSAGCCY	7.304713	-23.263238	0	T:342.0(3.00%),B:803.7(2.09%),P:1e-10	Tpos:105.2,Tstd:56.8,Bpos:102.5,Bstd:54.7,StrandBias:-0.0,Multiplicity:1.10
0.041	0.007	0.695	0.257
0.172	0.708	0.007	0.113
0.015	0.241	0.617	0.127
0.004	0.170	0.003	0.823
0.077	0.295	0.416	0.211
0.577	0.002	0.075	0.346
0.085	0.012	0.719	0.184
0.026	0.752	0.016	0.206
0.123	0.577	0.103	0.197
0.205	0.447	0.029	0.319
>ATTCAGTCGW	13-ATTCAGTCGW	11.039980	-20.885011	0	T:10.0(0.09%),B:2.7(0.01%),P:1e-9	Tpos:92.0,Tstd:57.5,Bpos:98.2,Bstd:53.3,StrandBias:0.0,Multiplicity:1.00
0.997	0.001	0.001	0.001
0.001	0.001	0.140	0.858
0.001	0.109	0.193	0.697
0.001	0.997	0.001	0.001
0.997	0.001	0.001	0.001
0.001	0.001	0.997	0.001
0.001	0.192	0.001	0.806
0.001	0.997	0.001	0.001
0.001	0.001	0.997	0.001
0.471	0.001	0.001	0.527
>GGWTTGTAGT	14-GGWTTGTAGT	10.682889	-19.831011	0	T:28.0(0.25%),B:24.8(0.06%),P:1e-8	Tpos:108.3,Tstd:55.3,Bpos:81.8,Bstd:53.8,StrandBias:-0.1,Multiplicity:1.11
0.001	0.001	0.997	0.001
0.001	0.001	0.997	0.001
0.446	0.001	0.251	0.302
0.001	0.001	0.001	0.997
0.208	0.001	0.001	0.790
0.001	0.001	0.997	0.001
0.001	0.001	0.001	0.997
0.997	0.001	0.001	0.001
0.001	0.001	0.997	0.001
0.001	0.178	0.001	0.820
>CAGACGCTCG	15-CAGACGCTCG	10.759880	-19.622099	0	T:11.0(0.10%),B:3.6(0.01%),P:1e-8	Tpos:91.3,Tstd:49.8,Bpos:98.9,Bstd:56.3,StrandBias:1.9,Multiplicity:1.27
0.001	0.997	0.001	0.001
0.997	0.001	0.001	0.001
0.130	0.001	0.868	0.001
0.997	0.001	0.001	0.001
0.001	0.997	0.001	0.001
0.001	0.001	0.997	0.001
0.001	0.997	0.001	0.001
0.001	0.001	0.001	0.997
0.001	0.945	0.001	0.053
0.001	0.001	0.997	0.001
>ATGAGSAACG	16-ATGAGSAACG	10.274921	-15.323473	0	T:14.0(0.12%),B:8.6(0.02%),P:1e-6	Tpos:107.3,Tstd:53.5,Bpos:140.2,Bstd:46.5,StrandBias:1.0,Multiplicity:1.29
0.729	0.218	0.001	0.052
0.001	0.001	0.001	0.997
0.105	0.052	0.738	0.105
0.842	0.105	0.001	0.052
0.001	0.218	0.624	0.157
0.052	0.437	0.406	0.105
0.844	0.052	0.052	0.052
0.895	0.052	0.001	0.052
0.001	0.997	0.001	0.001
0.001	0.001	0.997	0.001
>CTACTGTAGG	17-CTACTGTAGG	10.296193	-15.323300	0	T:8.0(0.07%),B:2.9(0.01%),P:1e-6	Tpos:90.7,Tstd:58.6,Bpos:151.9,Bstd:36.7,StrandBias:-0.3,Multiplicity:1.38
0.100	0.700	0.100	0.100
0.100	0.100	0.100	0.700
0.700	0.100	0.100	0.100
0.100	0.700	0.100	0.100
0.100	0.100	0.100	0.700
0.100	0.100	0.700	0.100
0.100	0.100	0.100	0.700
0.700	0.100	0.100	0.100
0.100	0.100	0.700	0.100
0.100	0.100	0.700	0.100
>AGCCTTTAGC	18-AGCCTTTAGC	6.549489	-13.113196	0	T:809.0(7.11%),B:2325.3(6.05%),P:1e-5	Tpos:98.4,Tstd:54.6,Bpos:100.8,Bstd:55.2,StrandBias:0.1,Multiplicity:1.05
0.904	0.015	0.001	0.080
0.143	0.071	0.759	0.027
0.126	0.779	0.042	0.053
0.067	0.787	0.071	0.075
0.088	0.105	0.104	0.703
0.104	0.057	0.085	0.754
0.006	0.051	0.111	0.832
0.791	0.052	0.047	0.110
0.060	0.001	0.880	0.059
0.084	0.811	0.049	0.056
>CCAGTACCCA	19-CCAGTACCCA	10.296193	-12.522139	0	T:10.0(0.09%),B:5.3(0.01%),P:1e-5	Tpos:113.3,Tstd:55.6,Bpos:108.6,Bstd:42.3,StrandBias:2.4,Multiplicity:1.90
0.100	0.700	0.100	0.100
0.100	0.700	0.100	0.100
0.700	0.100	0.100	0.100
0.100	0.100	0.700	0.100
0.100	0.100	0.100	0.700
0.700	0.100	0.100	0.100
0.100	0.700	0.100	0.100
0.100	0.700	0.100	0.100
0.100	0.700	0.100	0.100
0.700	0.100	0.100	0.100
>TGGATAAGAG	20-TGGATAAGAG	10.296193	-11.375183	0	T:11.0(0.10%),B:7.7(0.02%),P:1e-4	Tpos:104.1,Tstd:51.8,Bpos:91.9,Bstd:71.7,StrandBias:2.2,Multiplicity:1.55
0.100	0.100	0.100	0.700
0.100	0.100	0.700	0.100
0.100	0.100	0.700	0.100
0.700	0.100	0.100	0.100
0.100	0.100	0.100	0.700
0.700	0.100	0.100	0.100
0.700	0.100	0.100	0.100
0.100	0.100	0.700	0.100
0.700	0.100	0.100	0.100
0.100	0.100	0.700	0.100
>TTGCCTCACA	21-TTGCCTCACA	10.783339	-9.885483	0	T:14.0(0.12%),B:13.5(0.04%),P:1e-4	Tpos:85.0,Tstd:52.7,Bpos:99.3,Bstd:61.9,StrandBias:0.1,Multiplicity:1.50
0.001	0.001	0.001	0.997
0.001	0.001	0.001	0.997
0.001	0.001	0.997	0.001
0.001	0.997	0.001	0.001
0.001	0.942	0.056	0.001
0.001	0.001	0.001	0.997
0.001	0.997	0.001	0.001
0.841	0.001	0.157	0.001
0.001	0.997	0.001	0.001
0.997	0.001	0.001	0.001
>TATATGTATA	22-TATATGTATA	12.477157	-8.868592	0	T:16.0(0.14%),B:18.9(0.05%),P:1e-3	Tpos:99.0,Tstd:47.7,Bpos:106.6,Bstd:48.4,StrandBias:0.0,Multiplicity:2.12
0.001	0.001	0.072	0.926
0.997	0.001	0.001	0.001
0.001	0.001	0.001	0.997
0.997	0.001	0.001	0.001
0.001	0.001	0.001	0.997
0.001	0.001	0.997	0.001
0.001	0.001	0.001	0.997
0.687	0.311	0.001	0.001
0.001	0.001	0.001	0.997
0.887	0.001	0.111	0.001
>ATCCAGGCGA	23-ATCCAGGCGA	10.913390	-7.898040	0	T:5.0(0.04%),B:2.6(0.01%),P:1e-3	Tpos:113.7,Tstd:56.4,Bpos:51.7,Bstd:46.3,StrandBias:1.4,Multiplicity:2.20
0.997	0.001	0.001	0.001
0.001	0.001	0.001	0.997
0.001	0.941	0.001	0.057
0.057	0.941	0.001	0.001
0.997	0.001	0.001	0.001
0.001	0.001	0.997	0.001
0.001	0.001	0.997	0.001
0.001	0.997	0.001	0.001
0.001	0.001	0.997	0.001
0.997	0.001	0.001	0.001
>CGTGACAGGA	24-CGTGACAGGA	11.107598	-7.325340	0	T:12.0(0.11%),B:13.1(0.03%),P:1e-3	Tpos:105.4,Tstd:53.7,Bpos:122.1,Bstd:54.6,StrandBias:1.8,Multiplicity:2.25
0.001	0.997	0.001	0.001
0.001	0.001	0.997	0.001
0.001	0.001	0.001	0.997
0.001	0.001	0.997	0.001
0.997	0.001	0.001	0.001
0.001	0.997	0.001	0.001
0.997	0.001	0.001	0.001
0.001	0.001	0.912	0.086
0.001	0.098	0.900	0.001
0.839	0.001	0.159	0.001
>GACGGGTGTG	25-GACGGGTGTG	10.296193	-4.352021	0	T:4.0(0.04%),B:3.6(0.01%),P:1e-1	Tpos:100.8,Tstd:58.3,Bpos:84.5,Bstd:86.6,StrandBias:10.0,Multiplicity:2.75
0.100	0.100	0.700	0.100
0.700	0.100	0.100	0.100
0.100	0.700	0.100	0.100
0.100	0.100	0.700	0.100
0.100	0.100	0.700	0.100
0.100	0.100	0.700	0.100
0.100	0.100	0.100	0.700
0.100	0.100	0.700	0.100
0.100	0.100	0.100	0.700
0.100	0.100	0.700	0.100
>GCATGTCTAGTC	1-GCATGTCTAGTC	11.480738	-62.761464	0	T:19.0(0.17%),B:1.8(0.00%),P:1e-27	Tpos:96.5,Tstd:57.3,Bpos:134.5,Bstd:4.1,StrandBias:0.5,Multiplicity:1.00
0.023	0.093	0.883	0.001
0.001	0.906	0.001	0.092
0.997	0.001	0.001	0.001
0.001	0.001	0.092	0.906
0.001	0.001	0.813	0.185
0.001	0.092	0.001	0.906
0.001	0.997	0.001	0.001
0.023	0.093	0.001	0.883
0.997	0.001	0.001	0.001
0.001	0.001	0.906	0.092
0.001	0.092	0.001	0.906
0.093	0.628	0.093	0.186
>GGGACCCAGTAG	2-GGGACCCAGTAG	11.090019	-46.442800	0	T:15.0(0.13%),B:1.8(0.00%),P:1e-20	Tpos:98.2,Tstd:55.6,Bpos:57.6,Bstd:12.2,StrandBias:-0.9,Multiplicity:1.33
0.001	0.001	0.997	0.001
0.116	0.001	0.805	0.078
0.001	0.001	0.997	0.001
0.921	0.039	0.039	0.001
0.001	0.882	0.039	0.078
0.001	0.997	0.001	0.001
0.001	0.997	0.001	0.001
0.997	0.001	0.001	0.001
0.001	0.001	0.960	0.038
0.001	0.001	0.001	0.997
0.997	0.001	0.001	0.001
0.001	0.001	0.997	0.001
>YSCTGAGTCATC	3-YSCTGAGTCATC	10.464635	-39.790613	0	T:130.0(1.14%),B:186.5(0.49%),P:1e-17	Tpos:101.9,Tstd:56.3,Bpos:95.4,Bstd:52.2,StrandBias:0.2,Multiplicity:1.07
0.001	0.342	0.233	0.424
0.001	0.378	0.503	0.118
0.009	0.989	0.001	0.001
0.001	0.001	0.001	0.997
0.001	0.001	0.997	0.001
0.933	0.001	0.009	0.057
0.001	0.199	0.799	0.001
0.001	0.239	0.001	0.759
0.001	0.997	0.001	0.001
0.864	0.134	0.001	0.001
0.001	0.229	0.292	0.478
0.081	0.455	0.240	0.224
>TTCCCTGTACCA	4-TTCCCTGTACCA	12.969165	-38.656385	0	T:13.0(0.11%),B:0.8(0.00%),P:1e-16	Tpos:105.7,Tstd:55.9,Bpos:91.0,Bstd:0.0,StrandBias:1.1,Multiplicity:1.69
0.001	0.001	0.128	0.870
0.001	0.208	0.001	0.790
0.001	0.997	0.001	0.001
0.258	0.740	0.001	0.001
0.001	0.740	0.001	0.258
0.001	0.001	0.001	0.997
0.001	0.001	0.997	0.001
0.128	0.001	0.001	0.870
0.870	0.128	0.001	0.001
0.139	0.859	0.001	0.001
0.001	0.870	0.128	0.001
0.997	0.001	0.001	0.001
>TCACTCCTGTGG	5-TCACTCCTGTGG	10.525651	-37.543270	0	T:22.0(0.19%),B:6.9(0.02%),P:1e-16	Tpos:102.0,Tstd:56.9,Bpos:104.1,Bstd:52.6,StrandBias:-0.9,Multiplicity:1.32
0.022	0.058	0.033	0.887
0.270	0.590	0.080	0.060
0.646	0.022	0.058	0.274
0.040	0.626	0.281	0.053
0.073	0.289	0.049	0.589
0.081	0.536	0.334	0.049
0.260	0.651	0.027	0.062
0.075	0.053	0.055	0.817
0.063	0.038	0.863	0.036
0.072	0.053	0.236	0.639
0.281	0.040	0.648	0.031
0.044	0.055	0.572	0.329
>AAGGRGMGRAAG	6-AAGGRGMGRAAG	9.861110	-36.322343	0	T:15.0(0.13%),B:2.6(0.01%),P:1e-15	Tpos:126.0,Tstd:56.5,Bpos:61.9,Bstd:51.2,StrandBias:1.0,Multiplicity:1.00
0.596	0.109	0.019	0.276
0.571	0.367	0.019	0.043
0.028	0.101	0.714	0.157
0.193	0.020	0.662	0.125
0.443	0.013	0.523	0.021
0.135	0.224	0.624	0.017
0.352	0.376	0.150	0.122
0.273	0.101	0.471	0.155
0.352	0.111	0.438	0.099
0.689	0.162	0.035	0.114
0.542	0.110	0.210	0.138
0.016	0.035	0.935	0.014
>GTGCCCGAGAAT	7-GTGCCCGAGAAT	10.779230	-36.322343	0	T:15.0(0.13%),B:2.9(0.01%),P:1e-15	Tpos:116.7,Tstd:48.9,Bpos:60.6,Bstd:41.5,StrandBias:0.2,Multiplicity:1.00
0.079	0.061	0.795	0.065
0.091	0.048	0.126	0.735
0.044	0.111	0.776	0.069
0.081	0.777	0.079	0.063
0.070	0.820	0.052	0.058
0.118	0.668	0.081	0.133
0.095	0.143	0.684	0.078
0.781	0.054	0.096	0.069
0.069	0.056	0.829	0.046
0.730	0.075	0.114	0.081
0.695	0.117	0.108	0.080
0.066	0.098	0.121	0.715
>GAATTATATGCT	8-GAATTATATGCT	12.486834	-36.322343	0	T:15.0(0.13%),B:2.1(0.01%),P:1e-15	Tpos:82.9,Tstd:44.5,Bpos:101.0,Bstd:11.7,StrandBias:-0.2,Multiplicity:1.00
0.114	0.001	0.771	0.114
0.820	0.001	0.046	0.133
0.997	0.001	0.001	0.001
0.001	0.001	0.001	0.997
0.001	0.001	0.001	0.997
0.656	0.114	0.001	0.229
0.114	0.001	0.001	0.884
0.884	0.001	0.001	0.114
0.001	0.001	0.001	0.997
0.001	0.114	0.884	0.001
0.001	0.997	0.001	0.001
0.001	0.001	0.001	0.997
>TGGATATATACC	9-TGGATATATACC	13.483571	-34.871601	0	T:12.0(0.11%),B:0.9(0.00%),P:1e-15	Tpos:112.3,Tstd:53.0,Bpos:132.0,Bstd:0.0,StrandBias:-0.2,Multiplicity:1.08
0.001	0.001	0.001	0.997
0.001	0.001	0.997	0.001
0.001	0.106	0.787	0.106
0.997	0.001	0.001	0.001
0.001	0.001	0.001	0.997
0.997	0.001	0.001	0.001
0.001	0.001	0.001	0.997
0.740	0.001	0.001	0.258
0.105	0.001	0.001	0.893
0.893	0.001	0.001	0.105
0.105	0.893	0.001	0.001
0.105	0.893	0.001	0.001
>GCCTGTCCCTCC	10-GCCTGTCCCTCC	12.540410	-27.348997	0	T:21.0(0.18%),B:9.2(0.02%),P:1e-11	Tpos:109.6,Tstd:47.1,Bpos:125.4,Bstd:53.3,StrandBias:-1.5,Multiplicity:1.29
0.001	0.001	0.627	0.371
0.001	0.997	0.001	0.001
0.001	0.997	0.001	0.001
0.001	0.001	0.001	0.997
0.001	0.001	0.997	0.001
0.001	0.001	0.001	0.997
0.001	0.997	0.001	0.001
0.029	0.941	0.029	0.001
0.001	0.997	0.001	0.001
0.001	0.001	0.001	0.997
0.001	0.997	0.001	0.001
0.029	0.941	0.029	0.001
>CCCTTGTCTCAC	11-CCCTTGTCTCAC	13.484236	-26.826171	0	T:12.0(0.11%),B:2.2(0.01%),P:1e-11	Tpos:92.0,Tstd:51.0,Bpos:164.5,Bstd:21.3,StrandBias:1.2,Multiplicity:1.92
0.001	0.824	0.001	0.174
0.174	0.651	0.174	0.001
0.001	0.997	0.001	0.001
0.001	0.001	0.001	0.997
0.001	0.001	0.001	0.997
0.001	0.001	0.997	0.001
0.178	0.120	0.001	0.701
0.174	0.824	0.001	0.001
0.001	0.001	0.001	0.997
0.001	0.824	0.174	0.001
0.997	0.001	0.001	0.001
0.001	0.997	0.001	0.001
>TGAGCCCTGGCC	12-TGAGCCCTGGCC	12.631506	-26.826171	0	T:12.0(0.11%),B:2.4(0.01%),P:1e-11	Tpos:100.7,Tstd:58.5,Bpos:82.7,Bstd:20.4,StrandBias:-1.0,Multiplicity:1.67
0.102	0.051	0.001	0.846
0.052	0.036	0.895	0.017
0.847	0.017	0.001	0.135
0.017	0.155	0.700	0.128
0.052	0.799	0.001	0.148
0.103	0.844	0.052	0.001
0.073	0.614	0.034	0.279
0.053	0.017	0.060	0.870
0.069	0.018	0.718	0.195
0.093	0.017	0.784	0.106
0.017	0.976	0.006	0.001
0.158	0.756	0.017	0.069
>ATCGAATGGAAT	13-ATCGAATGGAAT	10.888081	-25.793685	0	T:16.0(0.14%),B:5.6(0.01%),P:1e-11	Tpos:108.9,Tstd:57.8,Bpos:51.4,Bstd:24.7,StrandBias:0.2,Multiplicity:1.75
0.460	0.234	0.306	0.001
0.001	0.001	0.001	0.997
0.001	0.997	0.001	0.001
0.137	0.001	0.806	0.056
0.997	0.001	0.001	0.001
0.943	0.001	0.001	0.055
0.001	0.001	0.001	0.997
0.001	0.001	0.997	0.001
0.055	0.001	0.943	0.001
0.997	0.001	0.001	0.001
0.997	0.001	0.001	0.001
0.001	0.001	0.001	0.997
>GAGGGTGGAAGC	14-GAGGGTGGAAGC	13.450401	-23.812406	0	T:11.0(0.10%),B:2.4(0.01%),P:1e-10	Tpos:94.7,Tstd:41.8,Bpos:189.5,Bstd:5.4,StrandBias:3.7,Multiplicity:1.27
0.001	0.001	0.997	0.001
0.997	0.001	0.001	0.001
0.001	0.001	0.997	0.001
0.047	0.001	0.951	0.001
0.001	0.001	0.997	0.001
0.001	0.001	0.001	0.997
0.001	0.047	0.951	0.001
0.001	0.001	0.997	0.001
0.997	0.001	0.001	0.001
0.997	0.001	0.001	0.001
0.047	0.001	0.951	0.001
0.001	0.997	0.001	0.001
>TTATCATCCGCT	15-TTATCATCCGCT	11.210930	-22.232458	0	T:12.0(0.11%),B:3.9(0.01%),P:1e-9	Tpos:103.3,Tstd:57.3,Bpos:127.8,Bstd:30.0,StrandBias:0.6,Multiplicity:1.67
0.039	0.078	0.078	0.805
0.117	0.078	0.039	0.766
0.728	0.194	0.001	0.077
0.039	0.001	0.039	0.921
0.039	0.921	0.039	0.001
0.726	0.039	0.117	0.118
0.078	0.078	0.117	0.727
0.001	0.997	0.001	0.001
0.079	0.823	0.040	0.058
0.039	0.078	0.843	0.040
0.077	0.883	0.039	0.001
0.116	0.001	0.001	0.882
>NCCAGTACCCAN	16-NCCAGTACCCAN	9.085895	-18.052066	0	T:9.0(0.08%),B:2.5(0.01%),P:1e-7	Tpos:114.8,Tstd:56.8,Bpos:87.4,Bstd:18.0,StrandBias:2.3,Multiplicity:2.00
0.204	0.341	0.234	0.222
0.120	0.640	0.116	0.124
0.126	0.694	0.083	0.097
0.656	0.109	0.096	0.139
0.121	0.129	0.630	0.120
0.151	0.150	0.156	0.543
0.549	0.160	0.145	0.146
0.123	0.637	0.126	0.114
0.133	0.653	0.093	0.121
0.118	0.687	0.087	0.108
0.637	0.128	0.107	0.128
0.224	0.238	0.331	0.208
>TCCATTCGATGA	17-TCCATTCGATGA	10.409522	-14.136433	0	T:6.0(0.05%),B:1.9(0.00%),P:1e-6	Tpos:106.8,Tstd:60.4,Bpos:85.7,Bstd:2.4,StrandBias:-2.0,Multiplicity:1.67
0.100	0.100	0.100	0.700
0.100	0.700	0.100	0.100
0.100	0.700	0.100	0.100
0.700	0.100	0.100	0.100
0.100	0.100	0.100	0.700
0.100	0.100	0.100	0.700
0.100	0.700	0.100	0.100
0.100	0.100	0.700	0.100
0.700	0.100	0.100	0.100
0.100	0.100	0.100	0.700
0.100	0.100	0.700	0.100
0.700	0.100	0.100	0.100
>CCCCTCCCACGC	18-CCCCTCCCACGC	12.841724	-13.532809	0	T:13.0(0.11%),B:8.9(0.02%),P:1e-5	Tpos:102.2,Tstd:50.6,Bpos:87.1,Bstd:53.7,StrandBias:1.6,Multiplicity:2.15
0.001	0.971	0.001	0.027
0.001	0.997	0.001	0.001
0.001	0.997	0.001	0.001
0.001	0.997	0.001	0.001
0.068	0.001	0.001	0.930
0.027	0.971	0.001	0.001
0.001	0.997	0.001	0.001
0.027	0.971	0.001	0.001
0.997	0.001	0.001	0.001
0.001	0.997	0.001	0.001
0.001	0.001	0.997	0.001
0.001	0.971	0.001	0.027
>GGSACGGGTGTG	19-GGSACGGGTGTG	11.835018	-12.710653	0	T:7.0(0.06%),B:2.3(0.01%),P:1e-5	Tpos:103.9,Tstd:60.3,Bpos:27.4,Bstd:1.6,StrandBias:2.6,Multiplicity:2.00
0.068	0.041	0.824	0.067
0.067	0.054	0.811	0.068
0.001	0.573	0.425	0.001
0.721	0.116	0.040	0.123
0.067	0.839	0.027	0.067
0.096	0.095	0.755	0.054
0.040	0.001	0.904	0.055
0.074	0.166	0.705	0.055
0.001	0.418	0.001	0.580
0.027	0.081	0.851	0.041
0.121	0.013	0.083	0.783
0.054	0.081	0.811	0.054
>TCTCGGGCCGTG	20-TCTCGGGCCGTG	13.123117	-11.119858	0	T:5.0(0.04%),B:1.3(0.00%),P:1e-4	Tpos:98.9,Tstd:55.0,Bpos:18.0,Bstd:0.0,StrandBias:3.8,Multiplicity:3.00
0.037	0.025	0.049	0.889
0.012	0.898	0.048	0.042
0.315	0.042	0.099	0.544
0.012	0.885	0.090	0.013
0.061	0.135	0.792	0.012
0.042	0.048	0.886	0.024
0.061	0.365	0.537	0.037
0.098	0.829	0.037	0.036
0.025	0.903	0.048	0.024
0.025	0.012	0.902	0.061
0.329	0.073	0.088	0.510
0.025	0.012	0.927	0.036
>TATGTTTTTACA	21-TATGTTTTTACA	14.260551	-11.119858	0	T:5.0(0.04%),B:1.8(0.00%),P:1e-4	Tpos:95.5,Tstd:53.0,Bpos:155.4,Bstd:32.9,StrandBias:-0.2,Multiplicity:2.00
0.001	0.001	0.155	0.843
0.997	0.001	0.001	0.001
0.001	0.001	0.001	0.997
0.001	0.001	0.997	0.001
0.001	0.001	0.001	0.997
0.423	0.001	0.001	0.575
0.001	0.001	0.001	0.997
0.268	0.001	0.001	0.730
0.001	0.001	0.001	0.997
0.997	0.001	0.001	0.001
0.001	0.997	0.001	0.001
0.997	0.001	0.001	0.001
>CCCACAGACTCC	22-CCCACAGACTCC	13.215377	-10.229116	0	T:6.0(0.05%),B:2.5(0.01%),P:1e-4	Tpos:100.2,Tstd:51.0,Bpos:73.5,Bstd:47.3,StrandBias:-0.4,Multiplicity:2.67
0.001	0.963	0.035	0.001
0.001	0.997	0.001	0.001
0.001	0.997	0.001	0.001
0.997	0.001	0.001	0.001
0.001	0.997	0.001	0.001
0.997	0.001	0.001	0.001
0.001	0.001	0.963	0.035
0.997	0.001	0.001	0.001
0.001	0.997	0.001	0.001
0.001	0.001	0.001	0.997
0.001	0.997	0.001	0.001
0.001	0.997	0.001	0.001
>CCTCCCACTCCG	23-CCTCCCACTCCG	10.614022	-10.229116	0	T:6.0(0.05%),B:2.8(0.01%),P:1e-4	Tpos:97.2,Tstd:51.7,Bpos:83.7,Bstd:35.1,StrandBias:1.7,Multiplicity:2.17
0.050	0.948	0.001	0.001
0.001	0.997	0.001	0.001
0.001	0.001	0.001	0.997
0.001	0.997	0.001	0.001
0.001	0.997	0.001	0.001
0.001	0.997	0.001	0.001
0.997	0.001	0.001	0.001
0.001	0.997	0.001	0.001
0.001	0.001	0.001	0.997
0.001	0.948	0.001	0.050
0.001	0.997	0.001	0.001
0.001	0.001	0.997	0.001
>CACCACGAGCAG	24-CACCACGAGCAG	13.645970	-8.282770	0	T:4.0(0.04%),B:0.9(0.00%),P:1e-3	Tpos:90.5,Tstd:56.8,Bpos:22.0,Bstd:0.0,StrandBias:2.2,Multiplicity:2.75
0.001	0.997	0.001	0.001
0.997	0.001	0.001	0.001
0.001	0.997	0.001	0.001
0.001	0.997	0.001	0.001
0.946	0.001	0.052	0.001
0.001	0.997	0.001	0.001
0.001	0.001	0.997	0.001
0.997	0.001	0.001	0.001
0.001	0.001	0.997	0.001
0.001	0.997	0.001	0.001
0.997	0.001	0.001	0.001
0.001	0.001	0.997	0.001
>TRTRTATATATA	25-TRTRTATATATA	12.728644	-6.568893	0	T:6.0(0.05%),B:4.0(0.01%),P:1e-2	Tpos:71.7,Tstd:56.4,Bpos:111.3,Bstd:44.9,StrandBias:-1.3,Multiplicity:1.17
0.014	0.136	0.014	0.836
0.538	0.001	0.460	0.001
0.001	0.001	0.071	0.927
0.489	0.001	0.509	0.001
0.001	0.001	0.001	0.997
0.603	0.015	0.280	0.102
0.001	0.001	0.001	0.997
0.534	0.014	0.373	0.079
0.014	0.135	0.001	0.850
0.658	0.001	0.253	0.088
0.001	0.230	0.001	0.768
0.689	0.028	0.282	0.001
>NCGNWWHN	1-NCGNWWHN	3.753725	-55.258986	0	T:4232.0(37.17%),B:12550.5(32.64%),P:1e-23	Tpos:99.6,Tstd:55.9,Bpos:100.1,Bstd:59.9,StrandBias:-0.0,Multiplicity:1.36
0.202	0.295	0.294	0.209
0.001	0.997	0.001	0.001
0.001	0.001	0.997	0.001
0.267	0.204	0.235	0.295
0.406	0.147	0.083	0.364
0.483	0.180	0.001	0.336
0.329	0.288	0.166	0.218
0.314	0.259	0.198	0.228
>CGCCGTTT	2-CGCCGTTT	4.427513	-50.719714	0	T:3850.0(33.82%),B:11378.7(29.59%),P:1e-22	Tpos:99.5,Tstd:55.5,Bpos:99.1,Bstd:58.6,StrandBias:-0.0,Multiplicity:1.31
0.071	0.723	0.080	0.126
0.081	0.062	0.734	0.123
0.080	0.712	0.116	0.092
0.060	0.819	0.082	0.039
0.072	0.134	0.711	0.083
0.074	0.088	0.090	0.748
0.065	0.056	0.055	0.824
0.115	0.093	0.059	0.733
>CCTATCCC	3-CCTATCCC	5.295386	-34.068102	0	T:2575.0(22.62%),B:7547.9(19.63%),P:1e-14	Tpos:99.2,Tstd:56.1,Bpos:100.4,Bstd:56.4,StrandBias:-0.0,Multiplicity:1.18
0.157	0.785	0.001	0.057
0.001	0.777	0.068	0.154
0.200	0.001	0.042	0.757
0.932	0.001	0.066	0.001
0.294	0.053	0.026	0.627
0.023	0.795	0.181	0.001
0.001	0.864	0.034	0.101
0.001	0.824	0.156	0.019
>CAGTACRC	4-CAGTACRC	6.205797	-29.146716	0	T:1399.0(12.29%),B:3912.4(10.18%),P:1e-12	Tpos:101.7,Tstd:56.6,Bpos:99.5,Bstd:57.1,StrandBias:0.1,Multiplicity:1.13
0.257	0.607	0.024	0.112
0.997	0.001	0.001	0.001
0.095	0.234	0.449	0.222
0.001	0.001	0.001	0.997
0.592	0.352	0.001	0.055
0.001	0.997	0.001	0.001
0.288	0.277	0.434	0.001
0.001	0.551	0.303	0.145
>HTCTTATC	5-HTCTTATC	7.469791	-29.002961	0	T:681.0(5.98%),B:1733.5(4.51%),P:1e-12	Tpos:99.2,Tstd:54.8,Bpos:97.8,Bstd:55.2,StrandBias:-0.0,Multiplicity:1.08
0.383	0.356	0.001	0.260
0.001	0.203	0.199	0.597
0.376	0.622	0.001	0.001
0.001	0.001	0.001	0.997
0.001	0.001	0.001	0.997
0.997	0.001	0.001	0.001
0.001	0.001	0.001	0.997
0.001	0.997	0.001	0.001
>CCATTACA	6-CCATTACA	7.594680	-27.379499	0	T:213.0(1.87%),B:428.9(1.12%),P:1e-11	Tpos:96.5,Tstd:57.5,Bpos:101.8,Bstd:53.7,StrandBias:0.2,Multiplicity:1.05
0.001	0.997	0.001	0.001
0.159	0.647	0.193	0.001
0.997	0.001	0.001	0.001
0.001	0.160	0.001	0.838
0.001	0.001	0.001	0.997
0.997	0.001	0.001	0.001
0.001	0.997	0.001	0.001
0.997	0.001	0.001	0.001
>TATGACGG	7-TATGACGG	9.211372	-25.097791	0	T:44.0(0.39%),B:44.5(0.12%),P:1e-10	Tpos:104.2,Tstd:55.8,Bpos:86.7,Bstd:56.1,StrandBias:0.3,Multiplicity:1.05
0.001	0.001	0.001	0.997
0.997	0.001	0.001	0.001
0.236	0.001	0.001	0.762
0.001	0.001	0.997	0.001
0.997	0.001	0.001	0.001
0.001	0.997	0.001	0.001
0.001	0.001	0.997	0.001
0.001	0.339	0.659	0.001
>TGAGTCAT	8-TGAGTCAT	8.068630	-23.782221	0	T:343.0(3.01%),B:802.3(2.09%),P:1e-10	Tpos:96.2,Tstd:56.3,Bpos:98.7,Bstd:55.2,StrandBias:0.1,Multiplicity:1.08
0.001	0.001	0.001	0.997
0.001	0.001	0.904	0.094
0.997	0.001	0.001	0.001
0.119	0.224	0.656	0.001
0.001	0.001	0.001	0.997
0.001	0.997	0.001	0.001
0.997	0.001	0.001	0.001
0.001	0.196	0.001	0.802
>MGCTCTAK	9-MGCTCTAK	5.454820	-21.984087	0	T:1137.0(9.99%),B:3204.5(8.33%),P:1e-9	Tpos:101.7,Tstd:56.2,Bpos:102.3,Bstd:58.4,StrandBias:0.1,Multiplicity:1.08
0.514	0.405	0.026	0.055
0.361	0.009	0.629	0.001
0.094	0.470	0.281	0.156
0.132	0.263	0.170	0.436
0.001	0.772	0.014	0.213
0.024	0.001	0.263	0.712
0.600	0.337	0.029	0.034
0.025	0.024	0.474	0.476
>TTGCGCAT	10-TTGCGCAT	8.919023	-21.531780	0	T:48.0(0.42%),B:57.8(0.15%),P:1e-9	Tpos:91.7,Tstd:57.4,Bpos:103.1,Bstd:60.8,StrandBias:0.1,Multiplicity:1.00
0.001	0.001	0.001	0.997
0.001	0.001	0.001	0.997
0.001	0.001	0.997	0.001
0.001	0.997	0.001	0.001
0.001	0.001	0.997	0.001
0.001	0.774	0.001	0.224
0.997	0.001	0.001	0.001
0.150	0.001	0.001	0.848
>TACGTTTG	11-TACGTTTG	4.524411	-19.129840	0	T:196.0(1.72%),B:427.1(1.11%),P:1e-8	Tpos:104.3,Tstd:56.3,Bpos:102.7,Bstd:60.3,StrandBias:-0.1,Multiplicity:1.05
0.008	0.001	0.237	0.754
0.997	0.001	0.001	0.001
0.001	0.997	0.001	0.001
0.001	0.001	0.997	0.001
0.001	0.235	0.001	0.763
0.001	0.001	0.001	0.997
0.001	0.238	0.001	0.760
0.001	0.001	0.997	0.001
>TCGCGAYT	12-TCGCGAYT	4.107722	-17.454873	0	T:1050.0(9.22%),B:3005.0(7.82%),P:1e-7	Tpos:100.3,Tstd:55.0,Bpos:100.8,Bstd:60.6,StrandBias:0.1,Multiplicity:1.10
0.156	0.112	0.182	0.550
0.174	0.572	0.126	0.128
0.134	0.152	0.499	0.215
0.201	0.430	0.263	0.106
0.050	0.149	0.707	0.094
0.536	0.203	0.131	0.130
0.208	0.402	0.107	0.282
0.196	0.102	0.254	0.448
>TTAAGGCC	13-TTAAGGCC	6.898123	-17.009410	0	T:641.0(5.63%),B:1747.5(4.54%),P:1e-7	Tpos:99.1,Tstd:57.7,Bpos:101.2,Bstd:56.1,StrandBias:-0.2,Multiplicity:1.05
0.026	0.052	0.038	0.884
0.055	0.069	0.109	0.767
0.912	0.037	0.050	0.001
0.778	0.084	0.107	0.031
0.001	0.001	0.973	0.025
0.091	0.001	0.907	0.001
0.035	0.916	0.048	0.001
0.001	0.904	0.094	0.001
>CGCATAAG	14-CGCATAAG	6.646692	-16.967940	0	T:458.0(4.02%),B:1196.1(3.11%),P:1e-7	Tpos:101.5,Tstd:55.3,Bpos:102.0,Bstd:56.0,StrandBias:0.1,Multiplicity:1.02
0.065	0.731	0.001	0.203
0.060	0.071	0.801	0.068
0.001	0.997	0.001	0.001
0.997	0.001	0.001	0.001
0.037	0.048	0.105	0.810
0.910	0.001	0.001	0.088
0.965	0.001	0.001	0.033
0.219	0.001	0.779	0.001
>CGACACGT	15-CGACACGT	6.305142	-12.478432	0	T:470.0(4.13%),B:1286.4(3.35%),P:1e-5	Tpos:101.5,Tstd:54.3,Bpos:97.1,Bstd:59.1,StrandBias:0.1,Multiplicity:1.08
0.086	0.910	0.003	0.001
0.001	0.001	0.978	0.020
0.630	0.310	0.001	0.059
0.112	0.684	0.149	0.055
0.665	0.324	0.010	0.001
0.084	0.629	0.063	0.224
0.191	0.101	0.570	0.138
0.083	0.001	0.004	0.912
>MTCGAATG	16-MTCGAATG	9.162257	-12.432280	0	T:70.0(0.61%),B:131.3(0.34%),P:1e-5	Tpos:105.3,Tstd:59.4,Bpos:100.7,Bstd:54.2,StrandBias:0.1,Multiplicity:1.19
0.556	0.442	0.001	0.001
0.001	0.001	0.001	0.997
0.001	0.997	0.001	0.001
0.001	0.001	0.997	0.001
0.997	0.001	0.001	0.001
0.997	0.001	0.001	0.001
0.001	0.001	0.001	0.997
0.001	0.001	0.663	0.335
>TTGGTCGC	17-TTGGTCGC	10.647728	-11.368110	0	T:28.0(0.25%),B:37.9(0.10%),P:1e-4	Tpos:99.7,Tstd:61.5,Bpos:106.5,Bstd:62.2,StrandBias:0.4,Multiplicity:1.00
0.001	0.001	0.001	0.997
0.001	0.001	0.001	0.997
0.001	0.001	0.997	0.001
0.001	0.342	0.656	0.001
0.001	0.001	0.001	0.997
0.001	0.997	0.001	0.001
0.001	0.001	0.997	0.001
0.001	0.997	0.001	0.001
>TCCCACGC	18-TCCCACGC	9.612606	-11.156339	0	T:113.0(0.99%),B:250.1(0.65%),P:1e-4	Tpos:103.9,Tstd:55.7,Bpos:98.8,Bstd:60.8,StrandBias:0.3,Multiplicity:1.18
0.001	0.001	0.001	0.997
0.001	0.997	0.001	0.001
0.001	0.997	0.001	0.001
0.233	0.765	0.001	0.001
0.997	0.001	0.001	0.001
0.001	0.997	0.001	0.001
0.001	0.001	0.997	0.001
0.001	0.997	0.001	0.001
>GTCATAAA	19-GTCATAAA	8.236954	-10.350798	0	T:75.0(0.66%),B:154.0(0.40%),P:1e-4	Tpos:98.1,Tstd:58.2,Bpos:96.8,Bstd:53.0,StrandBias:0.9,Multiplicity:1.02
0.100	0.100	0.700	0.100
0.100	0.100	0.100	0.700
0.100	0.700	0.100	0.100
0.700	0.100	0.100	0.100
0.100	0.100	0.100	0.700
0.700	0.100	0.100	0.100
0.700	0.100	0.100	0.100
0.700	0.100	0.100	0.100
>CGCAAATC	20-CGCAAATC	8.236954	-8.802033	0	T:21.0(0.18%),B:28.8(0.07%),P:1e-3	Tpos:111.4,Tstd:48.0,Bpos:78.6,Bstd:44.0,StrandBias:-1.4,Multiplicity:1.00
0.100	0.700	0.100	0.100
0.100	0.100	0.700	0.100
0.100	0.700	0.100	0.100
0.700	0.100	0.100	0.100
0.700	0.100	0.100	0.100
0.700	0.100	0.100	0.100
0.100	0.100	0.100	0.700
0.100	0.700	0.100	0.100
>ACAGGGCA	21-ACAGGGCA	8.236954	-8.602291	0	T:149.0(1.31%),B:371.0(0.96%),P:1e-3	Tpos:106.6,Tstd:57.8,Bpos:99.8,Bstd:55.6,StrandBias:0.3,Multiplicity:1.08
0.700	0.100	0.100	0.100
0.100	0.700	0.100	0.100
0.700	0.100	0.100	0.100
0.100	0.100	0.700	0.100
0.100	0.100	0.700	0.100
0.100	0.100	0.700	0.100
0.100	0.700	0.100	0.100
0.700	0.100	0.100	0.100
>GCTCTACC	22-GCTCTACC	7.899237	-8.567796	0	T:121.0(1.06%),B:290.0(0.75%),P:1e-3	Tpos:103.8,Tstd:55.1,Bpos:102.4,Bstd:52.9,StrandBias:-0.3,Multiplicity:1.12
0.001	0.001	0.997	0.001
0.001	0.764	0.042	0.193
0.001	0.001	0.001	0.997
0.001	0.997	0.001	0.001
0.001	0.001	0.001	0.997
0.997	0.001	0.001	0.001
0.001	0.997	0.001	0.001
0.001	0.997	0.001	0.001
>CACACACA	23-CACACACA	6.828028	-8.252642	0	T:1392.0(12.23%),B:4301.9(11.19%),P:1e-3	Tpos:101.6,Tstd:55.0,Bpos:99.9,Bstd:55.4,StrandBias:0.1,Multiplicity:1.27
0.001	0.934	0.028	0.037
0.829	0.001	0.035	0.135
0.055	0.792	0.045	0.108
0.787	0.133	0.036	0.044
0.001	0.889	0.057	0.053
0.848	0.077	0.033	0.042
0.001	0.997	0.001	0.001
0.920	0.078	0.001	0.001
>CCCTATTC	24-CCCTATTC	8.236954	-7.841313	0	T:58.0(0.51%),B:121.1(0.32%),P:1e-3	Tpos:91.7,Tstd:52.1,Bpos:93.5,Bstd:52.0,StrandBias:1.0,Multiplicity:1.00
0.100	0.700	0.100	0.100
0.100	0.700	0.100	0.100
0.100	0.700	0.100	0.100
0.100	0.100	0.100	0.700
0.700	0.100	0.100	0.100
0.100	0.100	0.100	0.700
0.100	0.100	0.100	0.700
0.100	0.700	0.100	0.100
>CTTCCTGT	25-CTTCCTGT	8.236954	-7.368366	0	T:208.0(1.83%),B:557.5(1.45%),P:1e-3	Tpos:94.5,Tstd:57.7,Bpos:97.9,Bstd:57.5,StrandBias:-0.5,Multiplicity:1.11
0.100	0.700	0.100	0.100
0.100	0.100	0.100	0.700
0.100	0.100	0.100	0.700
0.100	0.700	0.100	0.100
0.100	0.700	0.100	0.100
0.100	0.100	0.100	0.700
0.100	0.100	0.700	0.100
0.100	0.100	0.100	0.700
